  0.01658569920866955  0.03547091186578198  0.04951325785839172  0.06339856454133638
  0.07599033183260200  0.08800447004535931  0.09980898093985706  0.11128460130181912
  0.12273280376331497  0.13376508913614429  0.14461113696026420  0.15513227182218292
  0.16574874670744996  0.17609302421943898  0.18649796406278085  0.19673238760852763
  0.20698933469284694  0.21701546428532673  0.22707945514107553  0.23706703659541273
  0.24696985820179668  0.25674576135913552  0.26641386945606838  0.27612151771957322
  0.28566855399627106  0.29523649223308795  0.30471245104558747  0.31422165933837209
  0.32381151060201335  0.33331995855062513  0.34287361223059770  0.35234888892599381
  0.36182700238887744  0.37130506533751323  0.38063672278066690  0.38993609389680761
  0.39916700606353678  0.40840322761204745  0.41759438846583080  0.42669982402697887
  0.43575847619527569  0.44479934146645511  0.45382429554516895  0.46288947100471228
  0.47208954238229389  0.48129935920080608  0.49063060204517656  0.49984844867246725
  0.50913135216397087  0.51824210612518129  0.52742640758031101  0.53652078394215430
  0.54575097390982519  0.55482570863993175  0.56388268258812735  0.57300146567600529
  0.58211518493885839  0.59121880768297119  0.60036678213931938  0.60952318705745068
  0.61874951316642002  0.62804326767374741  0.63754352638946266  0.64697433967366491
  0.65642863633495341  0.66581917646442978  0.67525146312618434  0.68469296886673781
  0.69408190318601903  0.70354619582245848  0.71305295655374723  0.72266959874230041
  0.73226175909621927  0.74185695602032542  0.75143896569985613  0.76121066558252959
  0.77112092551781775  0.78120946970012772  0.79145020231240060  0.80181836246195726
  0.81229285350328362  0.82274682350391803  0.83337904595603174  0.84414069405529946
  0.85488199499464512  0.86568734479055520  0.87670137033821960  0.88797743192818035
  0.89946040857476139  0.91114964538453713  0.92312233288319234  0.93521258029980092
  0.94769657977493726  0.96078627244561643  0.97606491908961912  1.00000000000000000
 -0.00240893172200913  0.00955264915322226  0.01969998368926060  0.03065622745543672
  0.04154629022677032  0.05226638481168695  0.06302749806058612  0.07385859801571253
  0.08458205666527445  0.09499211384990706  0.10550533762543420  0.11602557872641295
  0.12649943033437155  0.13693046919766025  0.14748932243530638  0.15824504825783728
  0.16891279247556037  0.17940989519592421  0.18995166164219757  0.20058214362045815
  0.21121556251462323  0.22173506271168361  0.23228644144245383  0.24297462231992092
  0.25360963982851359  0.26419151805743257  0.27481759391424537  0.28543334363979195
  0.29603419632331801  0.30659042753589894  0.31716615108334234  0.32777483570081012
  0.33842537530390188  0.34902270777764605  0.35952254053969657  0.37005535616815927
  0.38055259234651895  0.39104515892701674  0.40150561578791299  0.41189388853099995
  0.42218984517966357  0.43230944210421834  0.44252506670246405  0.45281898697211737
  0.46316345121381836  0.47356751744727182  0.48393187604174170  0.49427787967531173
  0.50474471468307969  0.51523631568138006  0.52597265416642380  0.53658863980579563
  0.54727803450794310  0.55772679282027215  0.56820291948877122  0.57848978016791930
  0.58890745008012002  0.59944048318397558  0.61011165878456675  0.62056278132910947
  0.63098694140993861  0.64144732243264890  0.65219741245839236  0.66287560008302182
  0.67363912768717071  0.68424837306553976  0.69496029731535724  0.70562009622353061
  0.71609684414366370  0.72653678591135273  0.73700460684826641  0.74767617076080573
  0.75815188460237559  0.76847324810025963  0.77887060317534096  0.78945637969820359
  0.79993807677379203  0.81037922004383256  0.82083881479258358  0.83141818744836571
  0.84190083944267258  0.85228366073538953  0.86278104194769489  0.87342296659798169
  0.88386067007677993  0.89435751912192873  0.90473212745090836  0.91528143879968749
  0.92567293983638821  0.93610934114567057  0.94671592245062330  0.95725933945159314
  0.96781851199549518  0.97842570114937955  0.98921799206239425  1.00000000000000000
  0.00556080032938487  0.01291705736262316  0.01858626425073353  0.02502541171066146
  0.03231139026697296  0.03924960497308893  0.04636776613438937  0.05353807352541436
  0.06073340261525382  0.06796066379693884  0.07526880613495747  0.08260370948894383
  0.08995322021054758  0.09728337989230135  0.10461853371983976  0.11201659674428693
  0.11944083465567833  0.12689674822877223  0.13440555201036689  0.14196466063900121
  0.14961172242473825  0.15735132786051348  0.16512437727302473  0.17286357070815994
  0.18058436684254608  0.18834606225823333  0.19615931830237432  0.20403654850070849
  0.21202868633663163  0.22008603508414018  0.22816990214533175  0.23620344562231310
  0.24421073884402580  0.25227101295036619  0.26045295638729971  0.26874228937947325
  0.27712081372661862  0.28552383882230359  0.29393733666461130  0.30240887021054658
  0.31097035333108464  0.31964489733922585  0.32838264471885825  0.33709262842972965
  0.34580003446107377  0.35461731095173649  0.36357197946096542  0.37256100333337133
  0.38159578003626976  0.39063904321775361  0.39979402147123821  0.40905543093179553
  0.41838710128478390  0.42777970237686430  0.43725622448032853  0.44682380571842689
  0.45645531790474092  0.46620371209215200  0.47594248117272070  0.48581912196500598
  0.49580145432252726  0.50592265247399937  0.51609431088954416  0.52636260682171154
  0.53669668164783513  0.54722359322517444  0.55778972456831832  0.56851733044127295
  0.57937861538575530  0.59033331460163996  0.60145086174369677  0.61269573685293643
  0.62407397436885603  0.63554293169568132  0.64707119588051321  0.65889575395683198
  0.67087220640340250  0.68302534321875763  0.69544913004033837  0.70823589946719845
  0.72130811771993752  0.73458552856360093  0.74804999350105961  0.76195575101880775
  0.77628364126020100  0.79090374993810719  0.80596135813441006  0.82160257729177633
  0.83795385334054606  0.85495079554848408  0.87269444661354723  0.89146940119096374
  0.91189388153130435  0.93474303987441199  0.96274293246694587  1.00000000000000000
 -0.01665822960761212  0.11326883333917467  0.15215637768498080  0.17674097631981067
  0.19648914133811540  0.21366297677253837  0.22902998263556801  0.24322971953221417
  0.25642233239737083  0.26893897869632927  0.28080357962675490  0.29231898550589230
  0.30346807015039867  0.31432135240273340  0.32486509122768070  0.33514448277669834
  0.34521791190563805  0.35513105038563203  0.36490441901020110  0.37454657895995713
  0.38402319513609123  0.39334160308788541  0.40250433108503803  0.41152600157096553
  0.42042428130115006  0.42920143249901449  0.43792761557778670  0.44657923701003749
  0.45514214590467145  0.46359252819627556  0.47197487606303978  0.48030842094946630
  0.48857622501356662  0.49677048095881121  0.50492621622098022  0.51306280548084615
  0.52116972040363507  0.52924132894818876  0.53729841210813867  0.54529403018850930
  0.55320091523523651  0.56104819123094041  0.56875645702970845  0.57640446401092249
  0.58401103980402980  0.59152002783670565  0.59894790347247473  0.60629208214216201
  0.61355450874116568  0.62077081511581145  0.62792376830995900  0.63500496383704375
  0.64209718267818083  0.64911408072394106  0.65605821012035681  0.66294874251027880
  0.66976584428196018  0.67649730189466317  0.68314585749934442  0.68971383332283476
  0.69620308177268597  0.70263253233778333  0.70897934748957347  0.71520502387003371
  0.72136333206832537  0.72748785205166089  0.73358791704491977  0.73965878556358566
  0.74569463730251129  0.75170225883198583  0.75768409021608230  0.76363721504075432
  0.76955616424334705  0.77545470108128878  0.78134116945675702  0.78725976863805291
  0.79320070933238895  0.79908808392825381  0.80501421972732090  0.81094641923600619
  0.81690541176886100  0.82289151962807905  0.82889918435926468  0.83498776023578292
  0.84124106198378568  0.84766835232677351  0.85430076111907849  0.86119064527271905
  0.86833727968715446  0.87592910104590493  0.88422576185504542  0.89346139487162746
  0.90415199024093806  0.91768812884671569  0.93919426092146396  1.00000000000000000
   1.7451046093899960E-005  -1.0000000000000000     
 F F F F F F F F F F F F F F F F F F F F F F F F F F F F F F F F
  <DiscreteSampler_grid>
  grouped_processes
  1 # 1 for a reference and 2 for a running grid.
  10 # Attribute 'min_bin_probing_points' of the grid.
  1 # Attribute 'grid_mode' of the grid. 1=='default',2=='initialization'
  0.0000000000000000 # Attribute 'small_contrib_threshold' of the grid.
  0.5000000000000000 # Attribute 'damping_power' of the grid.
 # binID   n_entries weight   weight_sqr   abs_weight
    10   10   4.774590117632709E+004   2.339988953851737E+009   4.774590117632709E+004
    11   10   4.774590117632709E+004   2.339988953851737E+009   4.774590117632709E+004
  </DiscreteSampler_grid>
