  0.00563474036226078  0.02062698693562590  0.03527512769879412  0.04929722372112007
  0.06239520253731203  0.07485130942603339  0.08696563835340068  0.09898909139693755
  0.11115125638871806  0.12315917313581992  0.13486189184207456  0.14623799019852690
  0.15724298636666309  0.16805164567828282  0.17887115962019776  0.18956246639399801
  0.20007161394342124  0.21030916694270874  0.22033652914919080  0.23019527765434844
  0.23990937289240449  0.24955645069310931  0.25909423375676216  0.26853565557225351
  0.27807486990251801  0.28778670466853301  0.29756904691017844  0.30736168438109002
  0.31697164001151296  0.32647101060861911  0.33579838994708217  0.34502159002273525
  0.35419731536547588  0.36339418740640217  0.37264052686988230  0.38188382727707587
  0.39105009674799857  0.40011173351553075  0.40910652854189528  0.41812527535241223
  0.42724777849917267  0.43646844083498831  0.44571083526111482  0.45490129452219352
  0.46405542986718845  0.47322861778953501  0.48245509449966112  0.49171920492141941
  0.50092857570687510  0.51007223845285732  0.51920180197700427  0.52838930162217146
  0.53761112066013139  0.54679571138542005  0.55597856533224566  0.56509182844859096
  0.57408143938203438  0.58305127716523575  0.59207626059983787  0.60117954232316806
  0.61040120801838949  0.61970706517431828  0.62908068534983108  0.63849008716967159
  0.64789073196506897  0.65730684103325043  0.66675008630319721  0.67622657057957281
  0.68576447560512799  0.69536726197520149  0.70499137542097967  0.71456445080298048
  0.72417201245509999  0.73394591551040289  0.74386553397242405  0.75379983945504514
  0.76381034197097686  0.77398657179336106  0.78431714800073560  0.79482144667726928
  0.80516839287655617  0.81561822281156982  0.82592402571843992  0.83654957583432121
  0.84707482058353367  0.85786686731129713  0.86847720796997419  0.87936587853014681
  0.89079812037893835  0.90262212498148942  0.91455733092325697  0.92625624953855046
  0.93853433945777021  0.95123962818765373  0.96473209050887643  1.00000000000000000
 -0.00215377529493668  0.01029815387117882  0.02085780998717620  0.03140318965019216
  0.04201272427147082  0.05232352295053474  0.06266551661087821  0.07290169848604876
  0.08320387064260627  0.09383635763305638  0.10443264505643735  0.11511840039694460
  0.12575180602147332  0.13630939580598717  0.14697790287026646  0.15744774586518157
  0.16790409322105393  0.17839703511091626  0.18889320813244440  0.19942776662829070
  0.20968961620415047  0.22015461751271279  0.23063076801673232  0.24089672832816042
  0.25133039545392505  0.26183138597973127  0.27214845628354045  0.28223969014649197
  0.29230991319937866  0.30265339132167529  0.31301429440781120  0.32356319117925092
  0.33404439761497023  0.34478221649948038  0.35541333004790115  0.36603204515451460
  0.37662046452980813  0.38724849922519339  0.39800571162314169  0.40863697338970234
  0.41925004306595459  0.42976857972998300  0.44020975810581997  0.45065439047220318
  0.46116220570916988  0.47179380447084435  0.48252417066864356  0.49350181152250733
  0.50445111610195048  0.51541999790945503  0.52617594434692061  0.53670568747867053
  0.54716004133156326  0.55774645025202485  0.56832499904157940  0.57902171005443159
  0.58972878268670326  0.60068304931520056  0.61152700515665748  0.62233484713357201
  0.63302039289800205  0.64377076494109808  0.65455984740321804  0.66528463242658731
  0.67572922663585533  0.68606529789556170  0.69662816055778287  0.70719172800909835
  0.71779089565834886  0.72823562733681768  0.73875693742366899  0.74911712247702933
  0.75940261503632178  0.76971861676951692  0.78005710194217170  0.79040266647598101
  0.80099181266209329  0.81146430249073231  0.82191130046029393  0.83237573348867200
  0.84303915520663808  0.85384045240834416  0.86467278987017615  0.87559867579849571
  0.88628352145609879  0.89683522664721627  0.90734200171858526  0.91794397393166083
  0.92844821798334931  0.93862418771593137  0.94895630321456181  0.95909835307602376
  0.96944891984462889  0.97951272387956312  0.98974594654284831  1.00000000000000000
  0.00253010197443597  0.01128849570045604  0.01787284023124780  0.02493692226118471
  0.03217881975319550  0.03959100782802309  0.04726351363615754  0.05515781874564800
  0.06299715596546947  0.07065787392332769  0.07823314867628636  0.08573234203912750
  0.09314744995738435  0.10059588348750319  0.10817634773302955  0.11574667338651039
  0.12327843270100100  0.13083409306919416  0.13849310091669986  0.14624826661549600
  0.15412184038599464  0.16198776538255749  0.16989556280723320  0.17785002281347284
  0.18583865780321585  0.19383745096014385  0.20187188313269105  0.21000641954882190
  0.21809793298237545  0.22626890957468024  0.23448484899994559  0.24276048240521741
  0.25111898563344104  0.25951306303957195  0.26796224421695758  0.27650198553520078
  0.28517381156029648  0.29386556311986689  0.30254439210744832  0.31125580780165268
  0.32007059523436632  0.32905373734911825  0.33805886318607281  0.34713543182978551
  0.35629428334456825  0.36548855254041251  0.37463489046520421  0.38360895967274178
  0.39261040606898012  0.40179163384658390  0.41115134936317138  0.42049821111505353
  0.42990528044139420  0.43939903245839979  0.44909942927848279  0.45891130382177636
  0.46859903236706263  0.47827625009909391  0.48801087465175519  0.49786250881745592
  0.50792921624779808  0.51800209002667930  0.52815715409567321  0.53839683537456851
  0.54898252418542703  0.55966765898690862  0.57035398112027813  0.58097708075115251
  0.59178270619667683  0.60265822007384340  0.61379640533810309  0.62514457175312288
  0.63674321836625880  0.64844184468457355  0.66026480248032970  0.67214144897406158
  0.68421880325582074  0.69644603157942730  0.70891777621148366  0.72152375308959482
  0.73437912817726558  0.74748056739751645  0.76079022314961708  0.77434325184200981
  0.78826136759900045  0.80253237811774503  0.81733240711996902  0.83262183039957927
  0.84857998395294176  0.86504650884858691  0.88229897957776149  0.90050967123195191
  0.91994082013062883  0.94146204240335196  0.96747141606182618  1.00000000000000000
 -0.01492078449532257  0.10194410166665824  0.13907421185552160  0.16276696222455472
  0.18244952512342039  0.19975226165612431  0.21548651499953889  0.22992092768860098
  0.24331800207043985  0.25585138025874182  0.26781807913058459  0.27939932036903231
  0.29063479302863954  0.30151010203176987  0.31212428118657048  0.32244413129589100
  0.33258656908114376  0.34251900188134554  0.35236042734926765  0.36202353484394023
  0.37153405164990633  0.38079749218374170  0.38989352151595025  0.39885226347136638
  0.40775684127882078  0.41662369510371733  0.42543004284475699  0.43416509231092382
  0.44285917072878633  0.45141401508557161  0.45988742390875997  0.46823515250221254
  0.47657594829895900  0.48489657002930997  0.49318272315050160  0.50142937541170562
  0.50960556409166913  0.51775085507626339  0.52590542724281641  0.53403866846407688
  0.54209896744308228  0.55017296280767736  0.55815264304759105  0.56602447753963481
  0.57372982088383517  0.58144497890640690  0.58904604230456536  0.59658362699166112
  0.60409783451716992  0.61157116920890786  0.61896462924107509  0.62628946760788162
  0.63353299701147758  0.64072467135146438  0.64783599702007866  0.65483717789393103
  0.66175799273955893  0.66864307306909065  0.67551267965584028  0.68234307968777996
  0.68911298981237268  0.69580170456180457  0.70242774519848039  0.70896962582438561
  0.71545294908411394  0.72189520247743477  0.72838808880380668  0.73463011620884955
  0.74088623870295145  0.74714648222061653  0.75337887539351056  0.75956547204428781
  0.76568967772020891  0.77178570554926518  0.77788682935314568  0.78397696143785123
  0.79007957883163038  0.79629597834524657  0.80254627411999035  0.80882622236491797
  0.81519480191765747  0.82173834514301247  0.82836118494244249  0.83505770111908562
  0.84184455450969520  0.84871719486359298  0.85581637891898577  0.86322496825803630
  0.87090719480773093  0.87901755109384594  0.88771692733805929  0.89735357887930112
  0.90862086383969687  0.92273349558174111  0.94483058437713452  1.00000000000000000
   3.4794934151143483E-005  -1.0000000000000000     
 F F F F F F F F F F F F F F F F F F F F F F F F F F F F F F F F
  <DiscreteSampler_grid>
  grouped_processes
  1 # 1 for a reference and 2 for a running grid.
  10 # Attribute 'min_bin_probing_points' of the grid.
  1 # Attribute 'grid_mode' of the grid. 1=='default',2=='initialization'
  0.0000000000000000 # Attribute 'small_contrib_threshold' of the grid.
  0.5000000000000000 # Attribute 'damping_power' of the grid.
 # binID   n_entries weight   weight_sqr   abs_weight
    10   10   4.799608594602245E+004   2.368308887840380E+009   4.799608594602245E+004
    11   10   4.799608594602245E+004   2.368308887840380E+009   4.799608594602245E+004
  </DiscreteSampler_grid>
