  0.00935975584014801  0.03870863443739447  0.05320600824462583  0.06655833651185575
  0.07906051955191980  0.09147834887957189  0.10353984439218414  0.11555483910005593
  0.12713480596444574  0.13870889326730712  0.14978321528321203  0.16067242081226493
  0.17129737908634973  0.18176335886528472  0.19221345888420932  0.20267510521172963
  0.21306712456869953  0.22344965336854108  0.23349377138475297  0.24329975094338593
  0.25290728749021635  0.26249558876177442  0.27208612786657616  0.28160156734160224
  0.29096889401975151  0.30027042798547987  0.30943275075682103  0.31864390816427851
  0.32779367146418603  0.33709497218230355  0.34651959350299333  0.35589694051900195
  0.36516837123005780  0.37435245555903579  0.38353634790264740  0.39273448463177274
  0.40183562343303675  0.41079995413074472  0.41966506248697516  0.42850183841489298
  0.43739179350484292  0.44647856575642741  0.45564278629857802  0.46474529000207609
  0.47366979179586371  0.48254663891448557  0.49141509289582930  0.50034367743143626
  0.50932304460678934  0.51838150332727095  0.52743950702099951  0.53649194810493572
  0.54557477539635402  0.55467454284097739  0.56370606966575187  0.57270443230251711
  0.58171338378614523  0.59081331095060519  0.60003771740941936  0.60936630750412246
  0.61869951533251477  0.62809236248281419  0.63751913551630723  0.64694696099106319
  0.65640223224967331  0.66583141183032157  0.67525551312713294  0.68470213289623560
  0.69418000510762079  0.70373544148073064  0.71331849016095517  0.72291223696929841
  0.73257153259499597  0.74236928396780077  0.75229218469553194  0.76229439102289831
  0.77226671244640588  0.78221643698597954  0.79225807588520003  0.80240389642247989
  0.81268736211240844  0.82300457740876209  0.83336851417342650  0.84389289624511710
  0.85462013607574949  0.86562403643279862  0.87674441196034936  0.88811954249391523
  0.89980110999200758  0.91166794585709099  0.92379619052669026  0.93633622149985818
  0.94965184818559656  0.96314626699669048  0.97634773374575545  1.00000000000000000
 -0.00233965876590776  0.00987056840008341  0.02031010905047908  0.03120897879598852
  0.04207964764064951  0.05287464296390040  0.06359430726647747  0.07423755298558937
  0.08499192139033737  0.09580669716695450  0.10645020970217954  0.11693005051273847
  0.12731813562050276  0.13773338616115027  0.14797649459075132  0.15817810839500185
  0.16848255992019684  0.17903309318915947  0.18961196864642632  0.20043699126342612
  0.21125922131052693  0.22213855295701349  0.23281437990392587  0.24326960395769587
  0.25356643883286134  0.26376599222781894  0.27402790175396152  0.28440486389708403
  0.29482120897786990  0.30530894187750740  0.31586842375633412  0.32653026416858394
  0.33717844646419542  0.34770619086917298  0.35826050736719078  0.36889451512684646
  0.37937548373557894  0.38953983948500120  0.39972284019454463  0.40990424964809291
  0.42025786625668438  0.43093500952039804  0.44159581272100901  0.45240612361426441
  0.46295567507295504  0.47357165126056366  0.48409701614804745  0.49461488267513265
  0.50530178800564562  0.51623078443370773  0.52712673890524386  0.53799747196396119
  0.54887234361133186  0.55986167031102463  0.57060852558645436  0.58110061191226325
  0.59163556434136300  0.60216471303222652  0.61264699357617314  0.62309339396056429
  0.63336591029768652  0.64367053916713746  0.65385762059603214  0.66421715659048919
  0.67437817689486546  0.68479177801381741  0.69518628756270961  0.70564730358472993
  0.71601646253922280  0.72630716454873556  0.73686106642888927  0.74736806131794020
  0.75814050842060932  0.76878704145095478  0.77935552454489931  0.78974826901146733
  0.79995381255117426  0.81005213758604744  0.82047324472844030  0.83110379127781142
  0.84189746024329637  0.85297579975823334  0.86397340588146831  0.87482838656015260
  0.88520457664573693  0.89563951294690425  0.90589879642817039  0.91626436132713074
  0.92683080275140350  0.93730852307300283  0.94743134175481092  0.95757369620738175
  0.96819038961926973  0.97883646202423724  0.98935651962705473  1.00000000000000000
 -0.00079527957244499  0.00671519285605923  0.01399600102725943  0.02115445356229233
  0.02856585820032257  0.03599375595452537  0.04353716608811978  0.05115167277329918
  0.05880039622762281  0.06643308066850902  0.07408313878508407  0.08180872154356687
  0.08967449306472672  0.09763897598548776  0.10560200812389620  0.11351255405798390
  0.12135285409287903  0.12921190829784790  0.13709594315967444  0.14500405536510633
  0.15300472754178490  0.16107591413292580  0.16927731443115462  0.17751541684733743
  0.18572856466810672  0.19395827935133636  0.20231219567482839  0.21070270210859690
  0.21909637734709647  0.22763765453041310  0.23611507070615886  0.24455707960379511
  0.25302375817218459  0.26155697071084222  0.27011460118217850  0.27864693908318811
  0.28720850074501503  0.29585518329089439  0.30454229507535502  0.31317666647095016
  0.32177096176464143  0.33042097729420350  0.33922631844558720  0.34812981935471793
  0.35700553437870219  0.36600268158914662  0.37514483340785204  0.38433260426975108
  0.39351354481482254  0.40272742468340567  0.41206125564120949  0.42151020456839322
  0.43113766688076555  0.44074636861136907  0.45046875729232133  0.46013238479570556
  0.46995452286695183  0.47990801181877468  0.49004330928120210  0.50031124918578018
  0.51047397226339220  0.52065698534794724  0.53096329892475791  0.54148784092445534
  0.55209012636971766  0.56297466851914713  0.57407199011548415  0.58512566494408935
  0.59610229986635499  0.60721433484517551  0.61843841246961417  0.62973466101463738
  0.64129479513241117  0.65315425015472428  0.66516909003457880  0.67710977629293834
  0.68919028956900097  0.70139269665879522  0.71381126043361809  0.72652666501181651
  0.73963625221118734  0.75314865327851954  0.76678752845247167  0.78047157742161166
  0.79435922232326917  0.80856065352382311  0.82297172635149063  0.83783932873471834
  0.85315184796714294  0.86899568866562915  0.88542171534056302  0.90317280357028473
  0.92240845981558162  0.94357982618835967  0.96872785549968699  1.00000000000000000
 -0.01105907065217780  0.11093801722992436  0.15479099746815250  0.18461547276950957
  0.20876183833624196  0.22947147572228682  0.24786804336975890  0.26481720119949054
  0.28094574715116283  0.29611487256034452  0.31042828925035654  0.32411876159859404
  0.33723011216025089  0.34988536798990566  0.36207181712770181  0.37407696234636068
  0.38578902725597286  0.39735177803356331  0.40858842582821570  0.41958448680028737
  0.43022356897981529  0.44068532433674279  0.45092737928894805  0.46098960212899204
  0.47094435615818075  0.48087260528232151  0.49070462847879814  0.50046851914932156
  0.51006605573541142  0.51951137533981251  0.52877804807753548  0.53795344124893307
  0.54706214364784134  0.55597806402598016  0.56475286420627591  0.57335409684833527
  0.58182841878324143  0.59018559504106460  0.59837156548105019  0.60646045526583536
  0.61437622215446530  0.62226545675923550  0.62997277562181675  0.63757170659733087
  0.64505393599725103  0.65247304324324606  0.65981365688395455  0.66706042206521743
  0.67411149348312982  0.68105859302173755  0.68788573379503792  0.69454934140996305
  0.70115598095115772  0.70761563142564043  0.71392268341480891  0.72013215583979662
  0.72627147726058949  0.73231476214695468  0.73821444697234695  0.74404555565966635
  0.74981632432555156  0.75542321989662209  0.76098793041400692  0.76650143836739792
  0.77195102910777391  0.77725434075846334  0.78247819356595882  0.78766134204843596
  0.79277255161344651  0.79779733181699997  0.80278222931839616  0.80775453434427258
  0.81270886648063501  0.81764331070065066  0.82255921083821204  0.82746379774314061
  0.83237562135017840  0.83732520220772089  0.84232733371269009  0.84735708123963771
  0.85239338708114099  0.85754241677086329  0.86276338062185187  0.86806289663511393
  0.87346885680145736  0.87900869242447233  0.88470250012980622  0.89055370317590765
  0.89672429084611394  0.90330956069226642  0.91027075538947744  0.91796923026831612
  0.92701673652281602  0.93851273389494694  0.95702991695437745  1.00000000000000000
   4.0870054866516427E-005  -1.0000000000000000     
 F F F F F F F F F F F F F F F F F F F F F F F F F F F F F F F F
  <DiscreteSampler_grid>
  grouped_processes
  1 # 1 for a reference and 2 for a running grid.
  10 # Attribute 'min_bin_probing_points' of the grid.
  1 # Attribute 'grid_mode' of the grid. 1=='default',2=='initialization'
  0.0000000000000000 # Attribute 'small_contrib_threshold' of the grid.
  0.5000000000000000 # Attribute 'damping_power' of the grid.
 # binID   n_entries weight   weight_sqr   abs_weight
    10   10   4.830093250568197E+004   2.380602031150481E+009   4.830093250568197E+004
    11   10   4.830093250568198E+004   2.380602031150481E+009   4.830093250568198E+004
  </DiscreteSampler_grid>
