  0.00911456991967431  0.02425209262775731  0.04276250232995372  0.05755355901668220
  0.07015354668066603  0.08239908087301724  0.09423492619596052  0.10596077320946852
  0.11732759969558174  0.12862243920780872  0.13955734604932546  0.15029899915603592
  0.16067262899237705  0.17101615386708735  0.18120441586767563  0.19125326501365369
  0.20106743447018413  0.21084842578319155  0.22069351242191226  0.23047044991068469
  0.24005726191179036  0.24965738481698110  0.25920367989910903  0.26881111244635214
  0.27827893241857848  0.28765349006749141  0.29705149045944185  0.30661113263680473
  0.31600068314047247  0.32550064397229844  0.33486321592975560  0.34439677078184805
  0.35375612411438184  0.36294425870362285  0.37207090890517369  0.38120018662463456
  0.39035231615491717  0.39953547656296151  0.40866850260860688  0.41789353585855027
  0.42714435123124600  0.43636660233596913  0.44550490497252265  0.45463409841149327
  0.46373257870435841  0.47280071134182966  0.48179376666587659  0.49075391598727897
  0.49976159484226595  0.50879631441161111  0.51783038781501611  0.52679930368516248
  0.53574893313579619  0.54468391889395518  0.55360990407419142  0.56256181419839602
  0.57151943106828884  0.58046288709079796  0.58951481495615687  0.59870164405024717
  0.60799691462087235  0.61740374183606439  0.62682562457020141  0.63628758651474482
  0.64576323480988296  0.65517126896741296  0.66454163681781153  0.67387010487619747
  0.68326201920821616  0.69273552091778678  0.70228627350562756  0.71184656900610610
  0.72140600998041893  0.73098261033130363  0.74063918490677350  0.75041826525037436
  0.76026245131849879  0.77016483790645462  0.78020778100717414  0.79039548819528316
  0.80052019168046196  0.81066530201424747  0.82095189932081003  0.83158971453180242
  0.84240860019400154  0.85327189938418724  0.86440630037308963  0.87576061857614318
  0.88745526073917036  0.89931270566560029  0.91119576371689326  0.92337569317793178
  0.93593869993837275  0.95026035738061265  0.96590439407847795  1.00000000000000000
 -0.00227254009835733  0.00933891786519979  0.01930080445691772  0.02977893162822062
  0.04031085899990908  0.05071235382425336  0.06122935194690983  0.07172816253594075
  0.08207582537913555  0.09244485584812340  0.10307982952636857  0.11377505820266877
  0.12428854778252338  0.13481181842010889  0.14529680765996456  0.15573433109964938
  0.16624026906918143  0.17694815801993449  0.18754716884236838  0.19803875647072405
  0.20847549913987318  0.21898457763093979  0.22956527612952921  0.24007540954590553
  0.25071467645397960  0.26126529599486842  0.27179118453682416  0.28229122256660150
  0.29283446608921548  0.30344432272747157  0.31398760201085452  0.32452433196721497
  0.33499374737469467  0.34559242948628488  0.35621878817724062  0.36713684836779059
  0.37801732889479478  0.38867519781767956  0.39924220995276305  0.40978108436697647
  0.42031005200631705  0.43099519102211675  0.44170130991420842  0.45240752997334416
  0.46294315036997641  0.47328580196595132  0.48358421220484332  0.49378457304625961
  0.50419930372270694  0.51479862956444555  0.52538611035295646  0.53598417045284075
  0.54649459221388319  0.55713778591092622  0.56757891707655750  0.57812987040047548
  0.58876014562940793  0.59949589433072770  0.61005157023898948  0.62051382893729756
  0.63098793320270363  0.64158307218820398  0.65207809431447183  0.66247050658535900
  0.67267265884747596  0.68292555528378418  0.69316074491498492  0.70345868533160916
  0.71377500832169960  0.72408201704871300  0.73444377872273203  0.74484626757716033
  0.75524084393971291  0.76583799820243736  0.77635770409844673  0.78708906155337166
  0.79781801537010677  0.80865519782085649  0.81942935754795487  0.83016250605424136
  0.84117492055231879  0.85231970501133647  0.86314822586979223  0.87392113766442370
  0.88453687437781514  0.89527356818181536  0.90599370147948510  0.91685210987273247
  0.92748499045918820  0.93815813126836722  0.94851539417761865  0.95894362895651597
  0.96901816482558456  0.97915310849118764  0.98949689447792222  1.00000000000000000
  0.00023327158547435  0.00740102527248286  0.01457969429426205  0.02181828105144701
  0.02916683423183921  0.03655490420094169  0.04390137560094642  0.05120121850927612
  0.05847931544675886  0.06578727907703631  0.07318730936613871  0.08061833926312333
  0.08819893529303666  0.09587734658780757  0.10348904886855720  0.11118571644104952
  0.11893664757696952  0.12671487447344593  0.13450964269063709  0.14236116029993170
  0.15021342027087911  0.15809495810416072  0.16604735985835156  0.17401602325162507
  0.18197410968665556  0.19000924304211525  0.19820266721176164  0.20645765537086860
  0.21475264291364715  0.22305111319960944  0.23132654351105120  0.23960169669327303
  0.24789600610614501  0.25616806410104148  0.26446256761540426  0.27286463787135895
  0.28134814408014203  0.28986436576400354  0.29838013813578790  0.30685735008248266
  0.31537924392977640  0.32408238007228041  0.33291881907676046  0.34187464161743464
  0.35092100041470375  0.36018413136221683  0.36952154577151736  0.37886298647200256
  0.38816477262219351  0.39761279610425249  0.40716562026988168  0.41673777939543499
  0.42644312450216981  0.43617145115684042  0.44592042932331627  0.45566217148714222
  0.46556706823995114  0.47547424219767231  0.48537959425173982  0.49534211126187511
  0.50543905043158710  0.51564668253686319  0.52586747273187795  0.53617701138400198
  0.54663487005005207  0.55715402983005569  0.56779545598071113  0.57853472637335257
  0.58946633675147242  0.60050438300713105  0.61165536815412680  0.62279144014849530
  0.63414430944764610  0.64568031771769208  0.65746252805977856  0.66931455715361410
  0.68123615354544198  0.69336193683048719  0.70586460418076136  0.71866013174000154
  0.73163087415041461  0.74479673442168148  0.75825933109107146  0.77205459137616517
  0.78624521692040550  0.80087466093827531  0.81591443048709578  0.83124765788427357
  0.84703169019595759  0.86329462499345000  0.88034898433834152  0.89862499488244030
  0.91838798270404232  0.94054365812458274  0.96689254287494830  1.00000000000000000
 -0.01670558009423114  0.10054420322972274  0.13872226934864701  0.16359291412977039
  0.18359583358747819  0.20075143822683852  0.21625623029562344  0.23067389564668178
  0.24431289187454594  0.25712756725656549  0.26929454195328745  0.28079208072292555
  0.29194475304792572  0.30275031946079733  0.31334227189186692  0.32348912339734659
  0.33346879827216486  0.34327871305628449  0.35296374721958335  0.36242371672667129
  0.37178772068965243  0.38110354650725797  0.39040371997355722  0.39964318484953376
  0.40876985302349000  0.41783537379497154  0.42674998353034593  0.43561334232881144
  0.44424158212171744  0.45287310440723078  0.46140804437740734  0.46990815269392477
  0.47837003293130470  0.48674743757793282  0.49502759246329670  0.50325776781623599
  0.51141638613576534  0.51952691364894110  0.52756998266794319  0.53557067999931829
  0.54355915288939838  0.55142818138687011  0.55925471602507326  0.56701564841586805
  0.57479982078732472  0.58248899014899413  0.59011959342724440  0.59772141279760960
  0.60529083070372025  0.61277310140078134  0.62015526012336986  0.62746161369741271
  0.63468869715199783  0.64187946580357635  0.64905048542091981  0.65614405857841629
  0.66312005551695496  0.67002123448143036  0.67692434504649990  0.68381797857196747
  0.69066416848070433  0.69746504744546167  0.70423378481840859  0.71096902588899569
  0.71754806683363304  0.72405175953412693  0.73042952469626787  0.73670122114942949
  0.74295204402460668  0.74917346245928118  0.75535806571006936  0.76153055555228732
  0.76768913827447405  0.77386027330549179  0.78010388420120513  0.78630519861854986
  0.79249051561129413  0.79863240077333741  0.80477599136769729  0.81098592422701765
  0.81727234724795084  0.82361387496546745  0.83002514413771356  0.83650798199401422
  0.84307282758987767  0.84974029531629258  0.85664325387558704  0.86385068727710146
  0.87132028990819366  0.87920495391757958  0.88776361653225144  0.89731829542114128
  0.90866739498992422  0.92300520784865303  0.94477915551362690  1.00000000000000000
   3.4686986564634267E-005  -1.0000000000000000     
 F F F F F F F F F F F F F F F F F F F F F F F F F F F F F F F F
  <DiscreteSampler_grid>
  grouped_processes
  1 # 1 for a reference and 2 for a running grid.
  10 # Attribute 'min_bin_probing_points' of the grid.
  1 # Attribute 'grid_mode' of the grid. 1=='default',2=='initialization'
  0.0000000000000000 # Attribute 'small_contrib_threshold' of the grid.
  0.5000000000000000 # Attribute 'damping_power' of the grid.
 # binID   n_entries weight   weight_sqr   abs_weight
    10   10   5.103782745632862E+004   2.647695854153412E+009   5.103782745632862E+004
    11   10   5.103782745632862E+004   2.647695854153412E+009   5.103782745632862E+004
  </DiscreteSampler_grid>
