 -0.00577418886570997  0.02703807564673778  0.04405298113588446  0.05738816274661226
  0.07045840872825926  0.08300331211988829  0.09492635331947755  0.10642857611141637
  0.11787131459982746  0.12909384460810383  0.13998731516174640  0.15059112242259903
  0.16116026515528933  0.17175832318973447  0.18232245305614028  0.19297668228271070
  0.20362826535947434  0.21404277413234687  0.22414988685427459  0.23397918028828035
  0.24364576933785781  0.25329014792963772  0.26290766910820251  0.27253737395374394
  0.28220719372087688  0.29178313070456552  0.30144442711349390  0.31117006165036709
  0.32089147832234705  0.33059935715316752  0.34016264591284912  0.34969172265524434
  0.35920496780758515  0.36869665720745715  0.37817388003587554  0.38762485014696901
  0.39705353366766499  0.40645025807311580  0.41579055339718912  0.42510262389869263
  0.43441986653868669  0.44379704835093814  0.45325131434845600  0.46281585269663150
  0.47245943004253721  0.48221491095484992  0.49162497681442024  0.50045700822806172
  0.50912172380199150  0.51786741489528942  0.52740943605595725  0.53699411763304816
  0.54643490552508545  0.55564164827665963  0.56481201282980864  0.57380511952676072
  0.58292934409807240  0.59222755990513576  0.60155490426605507  0.61088724322507448
  0.62027032187454056  0.62974952568083897  0.63928806502961888  0.64891858259059954
  0.65844566659288140  0.66793548708649852  0.67725765494601198  0.68657821697361665
  0.69622940417306445  0.70590749853491219  0.71564596578815276  0.72537039899149058
  0.73518652356914804  0.74512305457883932  0.75502966122675563  0.76489803899384690
  0.77493564123671166  0.78519478398000420  0.79559114554266153  0.80605700199267638
  0.81645616642288343  0.82698337399277178  0.83753179528722088  0.84824021330814481
  0.85925127671582702  0.87041593751171065  0.88187597896598080  0.89339625279942758
  0.90518188256778020  0.91720482873921072  0.92927854765364226  0.94170117249313923
  0.95442013339225418  0.96793638287254147  0.98292491886396427  1.00000000000000000
 -0.00230545411819790  0.00956631283940496  0.01939466558900549  0.03005880430424396
  0.04063416220405457  0.05109623565147679  0.06163627976034446  0.07217155583223307
  0.08264936759052903  0.09290895973141552  0.10322636323181127  0.11377735118087767
  0.12441174582238826  0.13520012407129536  0.14594143726984343  0.15667432346601776
  0.16737354220039483  0.17807747516059771  0.18894252563644187  0.19962943668141434
  0.20857983739903913  0.21759185596829186  0.22662350294979702  0.23636925986055943
  0.24736533516381143  0.25807081765371459  0.26859945706421684  0.27906407464097610
  0.28954721300121855  0.30003944697828189  0.31053213914116479  0.32108940202800157
  0.33173897147671116  0.34240784864459306  0.35306223432542144  0.36369926020378696
  0.37438559043731895  0.38510294842823417  0.39582216416293553  0.40663581641994745
  0.41747254134056899  0.42827007360315250  0.43891625401331696  0.44949311632741829
  0.46011788732430714  0.47082530587915494  0.48159188529334690  0.49231461779765912
  0.50299257202576497  0.51364245361792182  0.52425770328650134  0.53497145236340760
  0.54581007987253849  0.55662292271102931  0.56735409915891932  0.57796761516109918
  0.58850394156953201  0.59902425466120268  0.60963583122758203  0.62042810845276219
  0.63126489026659516  0.64199963593148412  0.65246494768367203  0.66275330427377033
  0.67294953503602029  0.68321250582169801  0.69360556862073808  0.70401912719835180
  0.71451297251982238  0.72499810445675184  0.73554537589108560  0.74601885714737037
  0.75645998437024808  0.76688943174495749  0.77734976908160602  0.78774955152896420
  0.79821595368611775  0.80886074378502315  0.81957742700988279  0.83033016421457406
  0.84097670016156079  0.85160854092227367  0.86228689470293729  0.87294633371052766
  0.88363924979064989  0.89425467082154841  0.90483000166584859  0.91553063199081974
  0.92604181103405536  0.93649250096728365  0.94688834464801974  0.95729478632101705
  0.96792196990351365  0.97849596209880330  0.98927039838550668  1.00000000000000000
  0.00103947273202937  0.00307747459700010  0.00489510046075853  0.00671552553726439
  0.00847351631742580  0.00981781994894459  0.01112107174165474  0.01290789568097827
  0.01964322652422812  0.02745935112973421  0.03530822419099480  0.04299849509367172
  0.05068147378096184  0.05850353532399873  0.06635712900133051  0.07419960998413669
  0.08204182888260000  0.08988691062964202  0.09772173030012575  0.10556188931340578
  0.11343507267130200  0.12133608681244643  0.12931014951373257  0.13733807583152252
  0.14551714162754967  0.15372296278959188  0.16197771316789350  0.17026475828590437
  0.17860369976590998  0.18695797860398172  0.19533961317478288  0.20376555056965745
  0.21229215479193711  0.22095161215809175  0.22968664019941457  0.23845768965196609
  0.24726584072256805  0.25608009989559816  0.26496365069122046  0.27379735805180361
  0.28266839767261615  0.29163004340433613  0.30071155757223395  0.30990074667791284
  0.31917186771470513  0.32851465207209962  0.33799459210874050  0.34758285279872941
  0.35719172531242499  0.36685820835452126  0.37660542690056975  0.38638961277180794
  0.39624736083035522  0.40619258738607988  0.41627408262084470  0.42643777883823886
  0.43667040191570389  0.44699295146441309  0.45733230169033190  0.46770052789000560
  0.47816273015159488  0.48870619402605897  0.49934949796561007  0.51000867963330776
  0.52071139683343526  0.53152829331239460  0.54255086025307686  0.55389721924569435
  0.56543641730523686  0.57722324786972712  0.58926918803951200  0.60142338152627395
  0.61347266994812566  0.62551540737101263  0.63796622626882205  0.65049604172748243
  0.66321105653790191  0.67614487509620858  0.68937067993883416  0.70283730404225131
  0.71646467054672847  0.73022201445818469  0.74426600743824223  0.75856431361082388
  0.77317840700391249  0.78827989303161727  0.80376605355894426  0.81999695674329443
  0.83673143127008132  0.85404433248429545  0.87216701019366838  0.89126277826816047
  0.91171920893192226  0.93454875392854986  0.96261653752427978  1.00000000000000000
 -0.02575697847128159  0.12338118360631052  0.17024737233494941  0.20159584436410666
  0.22714572310316725  0.24885526566056915  0.26805685078634789  0.28542230389671874
  0.30142921587050142  0.31649201613957029  0.33092605523422897  0.34476691863465103
  0.35803931179942877  0.37088526327090543  0.38343366620139951  0.39573935853325681
  0.40770619849936690  0.41931225646402209  0.43059697447085782  0.44160361186849623
  0.45238823770955161  0.46303586476021019  0.47348485510292804  0.48367526609161582
  0.49366592422189715  0.50352875313235868  0.51328004862680221  0.52286386790891115
  0.53224857391674307  0.54146417780502809  0.55052656743172768  0.55947233748167524
  0.56826324049460586  0.57689776452481911  0.58538070313941626  0.59375076054910769
  0.60205671138044770  0.61022093694207213  0.61823337269204404  0.62603715057273446
  0.63361436717849473  0.64105276594362226  0.64834040527862269  0.65548761585811410
  0.66251362943290626  0.66938003734464635  0.67609115172365353  0.68269755346939964
  0.68920545994622640  0.69557760504922261  0.70181531257650898  0.70792522465012886
  0.71389165361535323  0.71976880851914515  0.72560974290163494  0.73134937025052094
  0.73697799227983229  0.74251401071169132  0.74797173357083258  0.75337682176281529
  0.75871742922744922  0.76400514573715850  0.76921671771640765  0.77433535067270032
  0.77936800124547145  0.78433776213458528  0.78924627995574514  0.79410596663642963
  0.79895424527948367  0.80378998545117775  0.80859109910911797  0.81335255663125294
  0.81809112832399844  0.82282074861020260  0.82752496244804974  0.83219480345789065
  0.83684859084989560  0.84150858169841736  0.84621205411284417  0.85097321160966777
  0.85576927309435968  0.86061996970114452  0.86550510989752005  0.87048904287046547
  0.87529440200795083  0.87979840237525964  0.88429074511761740  0.88890551651796457
  0.89404831573139854  0.90010403605713973  0.90676904092241095  0.91408866640085651
  0.92276726398067532  0.93390125874987251  0.95227127625829444  1.00000000000000000
   2.0514217493016053E-005  -1.0000000000000000     
 F F F F F F F F F F F F F F F F F F F F F F F F F F F F F F F F
  <DiscreteSampler_grid>
  grouped_processes
  1 # 1 for a reference and 2 for a running grid.
  10 # Attribute 'min_bin_probing_points' of the grid.
  1 # Attribute 'grid_mode' of the grid. 1=='default',2=='initialization'
  0.0000000000000000 # Attribute 'small_contrib_threshold' of the grid.
  0.5000000000000000 # Attribute 'damping_power' of the grid.
 # binID   n_entries weight   weight_sqr   abs_weight
    10   10   4.899757991371693E+004   2.437328830649531E+009   4.899757991371693E+004
    11   10   4.899757991371694E+004   2.437328830649531E+009   4.899757991371694E+004
  </DiscreteSampler_grid>
