  0.02000629163915488  0.03691964931252389  0.05089215429271287  0.06374744671672546
  0.07609748343399883  0.08824462695778545  0.09988718863829053  0.11124835483770348
  0.12210228274832942  0.13291803075755262  0.14352577340606340  0.15428496726423724
  0.16499918117744081  0.17565019889436129  0.18600100589089444  0.19636129597841401
  0.20681100928438945  0.21700940732622259  0.22716132466568784  0.23709797288350684
  0.24704255892092078  0.25656540370063996  0.26589848608506989  0.27523630534520394
  0.28487970879130542  0.29459579757477627  0.30443397467925015  0.31409515253457537
  0.32401987062847237  0.33375112375310423  0.34355083168789324  0.35324837805296977
  0.36325779544811404  0.37311696865107563  0.38261907046826504  0.39181047421006499
  0.40086519606825599  0.40985704168380044  0.41878085289229922  0.42770538604162933
  0.43677057906799988  0.44587319857988811  0.45504051803912204  0.46419062346472995
  0.47338428041634106  0.48246863963530673  0.49144877167169876  0.50054285158213274
  0.50982206557932552  0.51912646918542216  0.52816041662408775  0.53717876547578758
  0.54623691755402215  0.55520031911366929  0.56413394764377522  0.57304925719532396
  0.58213689997879925  0.59128936462227233  0.60051858056685703  0.60967137324749099
  0.61879967408988523  0.62792116296189893  0.63719902832443920  0.64644304790461593
  0.65571837989386617  0.66504616903528635  0.67459624974651566  0.68427328130950615
  0.69388649130914104  0.70342701397765151  0.71304028944015208  0.72274396045911560
  0.73257962820031619  0.74247164549221645  0.75256223835475156  0.76289067468339622
  0.77320769360178776  0.78331519155159435  0.79349384185762017  0.80396353897382811
  0.81467570415824486  0.82522940598110761  0.83578124072001203  0.84657038147659114
  0.85741496007623941  0.86827537529981336  0.87919060378666247  0.89014904647449300
  0.90101354088267505  0.91218454114084535  0.92392924605856042  0.93619576486836653
  0.94853956464463818  0.96238785917871672  0.97921623608746200  1.00000000000000000
 -0.00214797458583206  0.00952737398680336  0.01935051458035302  0.02978832664426653
  0.04012005966494286  0.05102821858703841  0.06199215549158422  0.07283084378300926
  0.08335487890155009  0.09371615128639332  0.10427365081145955  0.11455835830813538
  0.12507106478850280  0.13555776614993581  0.14599688346468065  0.15632771025525749
  0.16676981833534060  0.17705426689292963  0.18742473351143618  0.19769409481021957
  0.20788705663293677  0.21815014062350313  0.22847674445804028  0.23909052464772096
  0.24964289099198919  0.26065564837591826  0.27185164903459680  0.28308575909399691
  0.29420219799706171  0.30494532579684058  0.31563963130114026  0.32607105645037560
  0.33651635198426250  0.34697438224728600  0.35738837535274659  0.36783860578035016
  0.37821694254677418  0.38846771256061646  0.39882401918349730  0.40931819808073333
  0.41985407112007977  0.43050583823002830  0.44103039343619255  0.45162818422667877
  0.46210449896206679  0.47279335469443784  0.48338106009252330  0.49396909176121789
  0.50456678339025340  0.51504312823426091  0.52542823232929570  0.53548722886594635
  0.54567958199902067  0.55603219587875441  0.56627335320687744  0.57650413804208689
  0.58664290170908739  0.59716949771200134  0.60775260182258473  0.61835061678555969
  0.62883892219388926  0.63944871007016812  0.65026388030712245  0.66107989392631716
  0.67173235952674204  0.68226012931806679  0.69272039958556408  0.70334195576811775
  0.71407595921811451  0.72482222932130502  0.73560276456000062  0.74628478121490782
  0.75718053071010960  0.76802058024308839  0.77876510977522639  0.78952583421504252
  0.80025249260414322  0.81115531333578539  0.82175661858288429  0.83228361713162424
  0.84277152555756674  0.85335016884677284  0.86387693519580799  0.87419566366392365
  0.88480618590333915  0.89537487158159101  0.90576032558725150  0.91598272419496518
  0.92629188338230906  0.93678198307398286  0.94719179813478471  0.95759257351550819
  0.96817375009583129  0.97882429340062527  0.98946705861186179  1.00000000000000000
  0.00482017542602934  0.01114542610386072  0.01734977813098785  0.02438396075689425
  0.03197403022271707  0.03967690435590315  0.04770276830682126  0.05593316367620729
  0.06393389820851048  0.07156251458906057  0.07898788739401319  0.08646289845271617
  0.09412881425903993  0.10196311593593387  0.10995422965858312  0.11809501014612765
  0.12616936105293461  0.13431922931614751  0.14245175960647388  0.15051722517253086
  0.15863935510959407  0.16677229914502240  0.17469746385708909  0.18268133785985588
  0.19075935893554982  0.19888133129723543  0.20703298789526015  0.21529294899613358
  0.22358523905270958  0.23188863954781530  0.24016853453335063  0.24840234152635224
  0.25663166136698395  0.26488067900021572  0.27320877562974338  0.28155881781499054
  0.28990574425395693  0.29842152339595690  0.30697771059287987  0.31565012160600081
  0.32431214284449322  0.33309288424582334  0.34220665283018420  0.35137164733409643
  0.36066674188683906  0.36999075313168628  0.37948176761769969  0.38895560141652291
  0.39831870536256253  0.40756000270224396  0.41686552691769863  0.42624088943447797
  0.43569239194818760  0.44530232594620944  0.45496284312124496  0.46464942848822388
  0.47443512848770913  0.48438273719400604  0.49427815289644489  0.50418019538966996
  0.51402467478191816  0.52409017283833315  0.53431213059148208  0.54481079564420876
  0.55545463536050754  0.56621217116444400  0.57695916968456207  0.58756304995300068
  0.59809776985452212  0.60877182159275711  0.61965150896167887  0.63073147144646702
  0.64189577894461047  0.65334118108012451  0.66489323930485156  0.67679491329990027
  0.68883798230078896  0.70123051245895374  0.71388220559352100  0.72685440351165664
  0.73983704307669140  0.75283942343012922  0.76604353063284258  0.77960579896175120
  0.79362454972641194  0.80816327959958956  0.82295664539425140  0.83767487451766953
  0.85230638721286478  0.86821952313697015  0.88509858474696246  0.90331068541171256
  0.92262608810748892  0.94362476823200347  0.96869817293322891  1.00000000000000000
 -0.00649558307819199  0.10962048782344563  0.15327314571859454  0.18311438741799024
  0.20787693630915069  0.22935752550704683  0.24824998674375379  0.26560875498897696
  0.28176928010003688  0.29666281949010442  0.31059546414363981  0.32383796362436662
  0.33664771947416477  0.34903997529306574  0.36101870946651277  0.37270856606027603
  0.38439166219660231  0.39595360072854324  0.40720756179799544  0.41821077791197420
  0.42909724980530417  0.43982149044386371  0.45040836812282714  0.46086746820761260
  0.47104106478430491  0.48097933830087303  0.49069775464989485  0.50033198938861900
  0.50989539713517429  0.51938942848904013  0.52881204522103376  0.53807518381802155
  0.54710743507453197  0.55595934003839764  0.56472137762286723  0.57343530910177654
  0.58204269437356904  0.59044705228231276  0.59866470969392827  0.60677692627259794
  0.61476823457779362  0.62268438857241570  0.63047440513639541  0.63805735838225996
  0.64548276179794639  0.65278298222375897  0.65998326533170493  0.66713359631947056
  0.67411025745539932  0.68102505415186132  0.68776865039508284  0.69436279850533178
  0.70087770687491757  0.70728498236620019  0.71351944411816981  0.71962241083125333
  0.72566409218608652  0.73164545093778000  0.73755006018677027  0.74339722324882707
  0.74917361691037909  0.75484055987595289  0.76038390580925719  0.76586045237797273
  0.77127456711999831  0.77665861968184113  0.78202897954515360  0.78734999630355240
  0.79258055636038760  0.79769546518015810  0.80270749580220957  0.80771568700952046
  0.81269489277350893  0.81767831286858628  0.82264257242699457  0.82760013776421315
  0.83259024019323924  0.83760722263386411  0.84264300493148725  0.84770739368568537
  0.85278515737335281  0.85784202873397153  0.86302188845140548  0.86816460064844847
  0.87342232864348668  0.87879944319404357  0.88433271652856538  0.89002517567189787
  0.89599940611737439  0.90244026998331051  0.90930175062186092  0.91685868752019217
  0.92591733529856723  0.93713710238964343  0.95493688728410686  1.00000000000000000
   1.1558100637038168E-004  -1.0000000000000000     
 F F F F F F F F F F F F F F F F F F F F F F F F F F F F F F F F
  <DiscreteSampler_grid>
  grouped_processes
  1 # 1 for a reference and 2 for a running grid.
  10 # Attribute 'min_bin_probing_points' of the grid.
  1 # Attribute 'grid_mode' of the grid. 1=='default',2=='initialization'
  0.0000000000000000 # Attribute 'small_contrib_threshold' of the grid.
  0.5000000000000000 # Attribute 'damping_power' of the grid.
 # binID   n_entries weight   weight_sqr   abs_weight
    10   10   4.662725646755246E+004   2.192802557664021E+009   4.662725646755246E+004
    11   10   4.662725646755246E+004   2.192802557664021E+009   4.662725646755246E+004
  </DiscreteSampler_grid>
