  0.01203101989170040  0.02249153533793900  0.03839281843067986  0.05312969240823694
  0.06642359022185934  0.07885803410781544  0.09082118494204888  0.10250315481794262
  0.11420156061606038  0.12578860240795098  0.13733272315365527  0.14886218375906710
  0.16026237704448881  0.17144324471158459  0.18234808928791160  0.19318695111650205
  0.20390238419384049  0.21430018173960635  0.22442102501920444  0.23451338974677369
  0.24444098634223607  0.25413459367048463  0.26376100556688503  0.27347123228178649
  0.28322556858300024  0.29298152293718877  0.30265986997101724  0.31228714900959842
  0.32183431685383895  0.33139453097912364  0.34106294972756857  0.35077552145785124
  0.36035233323090660  0.36962983852699355  0.37882222754901823  0.38782412970718605
  0.39687276178172975  0.40595271648295250  0.41509242331667440  0.42423774402146136
  0.43331833978400774  0.44235878034578530  0.45146104803380521  0.46061999593243463
  0.46977244685946601  0.47903862857663421  0.48822538034223562  0.49743327454027420
  0.50655155897134341  0.51566001934815564  0.52489798391498921  0.53398160195957745
  0.54316817134583539  0.55211362081504567  0.56102548117240070  0.56990163204754529
  0.57884166181752927  0.58793246677580646  0.59713253632273078  0.60638745323196808
  0.61578200017878193  0.62509057658105383  0.63444443035655873  0.64367622705946792
  0.65302362429923466  0.66249235130290141  0.67202708622265295  0.68152345495288080
  0.69096780202126895  0.70036055100740602  0.70982335909548244  0.71929829246051702
  0.72891311410163784  0.73868577111907241  0.74848209956685974  0.75837619218708519
  0.76846863762568285  0.77874608612323326  0.78921416377052955  0.79956808772818189
  0.80997258911982395  0.82068329245225746  0.83172615745099054  0.84308445352536221
  0.85481612585632649  0.86676498575216865  0.87840929116392574  0.88997443583420843
  0.90188849776109459  0.91387391937602647  0.92652898101522763  0.94006940857398802
  0.95449595770505424  0.97018471932063088  0.98448409450481644  1.00000000000000000
 -0.00223365043501695  0.00963788653304754  0.01966551999231859  0.02983219252593266
  0.04022208630631365  0.05068714724874928  0.06139134319499719  0.07182814367054806
  0.08221171201693370  0.09268722097967487  0.10321642171093136  0.11386842981874214
  0.12433779806436671  0.13478491517799066  0.14525478280979257  0.15568694038198619
  0.16612349821766231  0.17651199875507584  0.18705870565165236  0.19765255523554925
  0.20828635143593710  0.21881686730675570  0.22927363219124305  0.23971483155452644
  0.25032087844976464  0.26098744764375703  0.27159267762562445  0.28192883310786687
  0.29227903045602033  0.30274621896863502  0.31349030094076830  0.32432313743716967
  0.33509243683399603  0.34567321345311863  0.35612156046834542  0.36645842117998240
  0.37673607639187934  0.38706013182720156  0.39748608080453107  0.40794496609132935
  0.41842546362500621  0.42888972310013856  0.43939849029778877  0.44999964085557070
  0.46058763414409182  0.47122221358857241  0.48166961879507958  0.49216497452382879
  0.50267007658415608  0.51322829413923110  0.52378334235838597  0.53440128678452870
  0.54505730646187978  0.55595606654509755  0.56681478346122594  0.57796820104309110
  0.58898909515871756  0.59973828370862226  0.61033850449136295  0.62074212434647102
  0.63130302698414820  0.64193276765536478  0.65270202698107926  0.66350314024718560
  0.67411630253501287  0.68461104478291945  0.69517402055662314  0.70560760533967981
  0.71598375157630179  0.72624755344594250  0.73667317511775610  0.74745092925959700
  0.75802635963227882  0.76852951209410292  0.77885335958508939  0.78922375422908264
  0.79973431321157962  0.81015280189568961  0.82077778188826300  0.83139837874053046
  0.84215900051827552  0.85294562026067444  0.86361677937785419  0.87434477720320047
  0.88475112947546064  0.89527446775641839  0.90578371032780791  0.91654380515942069
  0.92711153817005443  0.93766892823303127  0.94811915307944772  0.95862757241756857
  0.96897021495913882  0.97935407695771581  0.98965292255412562  1.00000000000000000
 -0.00087157775449984  0.00715314829974170  0.01436696213610478  0.02159867461557088
  0.02883547937204940  0.03611198318976952  0.04339271038520833  0.05066557664101183
  0.05798506814117767  0.06545989748290865  0.07307110279575189  0.08070913145051870
  0.08835383490532593  0.09596879976152534  0.10352223302985447  0.11114419995586508
  0.11882174412715593  0.12653058359731739  0.13422636455471915  0.14196643175895843
  0.14974686107211294  0.15756395460112205  0.16534668501019478  0.17316181677144435
  0.18099951158300245  0.18892201231177519  0.19696676903236590  0.20504414978663282
  0.21326610775797189  0.22163615797457736  0.23002890958661723  0.23834589985870472
  0.24663928656748207  0.25498630245325565  0.26343326734315720  0.27193253516077831
  0.28045286835784589  0.28905154820194140  0.29775544395063391  0.30656559357775864
  0.31546907208210090  0.32441787464314986  0.33341385652630307  0.34247160830466683
  0.35156242217371669  0.36068917092263680  0.36987146099409163  0.37914663863570069
  0.38850288192088878  0.39790468264106688  0.40731012416074480  0.41682007625272766
  0.42638031587181197  0.43598737755827605  0.44558785384238830  0.45518065600840923
  0.46484306862010233  0.47462926697146712  0.48460337432801825  0.49482976757814967
  0.50522571962958795  0.51564233850605501  0.52601710098393972  0.53635716432623715
  0.54683127344364280  0.55753968926573405  0.56837498923883967  0.57928508021620928
  0.59028554975658498  0.60127178816229399  0.61235835152438312  0.62352314304427370
  0.63508141582296906  0.64674449100177511  0.65845824978341128  0.67021104541518461
  0.68224634945087903  0.69449596787416756  0.70694099060784710  0.71960392389173666
  0.73248526589241258  0.74558662715449542  0.75902069018512364  0.77280142655712636
  0.78676034690940921  0.80105147002221433  0.81573786003455706  0.83090188535757348
  0.84655180233337979  0.86279896296276759  0.87989544972228340  0.89824232532769166
  0.91810335423740774  0.93994370921699977  0.96615248781043850  1.00000000000000000
 -0.01718208243335401  0.10017238027573856  0.13884298571134271  0.16366398137598923
  0.18355629121708322  0.20077899547412037  0.21610589565574626  0.23029115759874427
  0.24375060443985450  0.25666768402501805  0.26902680849079147  0.28090741428520816
  0.29230391526292243  0.30336574384767928  0.31413424217049130  0.32449291550487486
  0.33460573014194939  0.34443838478353556  0.35411240344044448  0.36355747647753145
  0.37293401301646723  0.38233843244723115  0.39169394405992353  0.40084989381885255
  0.40995359222950195  0.41890136687922364  0.42774637963646056  0.43654738688432504
  0.44516434339221200  0.45367988032382717  0.46212036595057515  0.47059388368383537
  0.47911562241708255  0.48755775817812080  0.49586340253798633  0.50404642494855123
  0.51214340972104999  0.52019421426584356  0.52828984649478827  0.53640479978128419
  0.54450123175103948  0.55249734395178129  0.56042619776685576  0.56828050552596743
  0.57604744248636530  0.58376424599634791  0.59141708989729735  0.59902828438334332
  0.60655550992551188  0.61400003368029688  0.62138530361111366  0.62869121404685180
  0.63593123646425009  0.64313887340921616  0.65025632351795681  0.65723280096951009
  0.66415836210219614  0.67098869874469680  0.67780191904625031  0.68462113940856395
  0.69140320271628852  0.69810614556694395  0.70470690050463047  0.71118694337519317
  0.71756875770943085  0.72390959762004814  0.73021745281334483  0.73649144268400546
  0.74272434826043732  0.74894047564542632  0.75515657789470225  0.76138221309310983
  0.76761604479427159  0.77383449642900770  0.78003826738290771  0.78618663624009677
  0.79234788215607588  0.79846276199019306  0.80457235357384649  0.81071147245281550
  0.81689137424291058  0.82313543082649976  0.82944256469003685  0.83590351642892402
  0.84252830528529066  0.84923062150403517  0.85612156274049211  0.86332475594362679
  0.87079278542498950  0.87878136769895843  0.88739616732509197  0.89682771813676465
  0.90766559081427878  0.92106825576472917  0.94221334827525316  1.00000000000000000
   3.4706383770833772E-005  -1.0000000000000000     
 F F F F F F F F F F F F F F F F F F F F F F F F F F F F F F F F
  <DiscreteSampler_grid>
  grouped_processes
  1 # 1 for a reference and 2 for a running grid.
  10 # Attribute 'min_bin_probing_points' of the grid.
  1 # Attribute 'grid_mode' of the grid. 1=='default',2=='initialization'
  0.0000000000000000 # Attribute 'small_contrib_threshold' of the grid.
  0.5000000000000000 # Attribute 'damping_power' of the grid.
 # binID   n_entries weight   weight_sqr   abs_weight
    10   10   4.720729721531190E+004   2.268166931937578E+009   4.720729721531190E+004
    11   10   4.720729721531190E+004   2.268166931937578E+009   4.720729721531190E+004
  </DiscreteSampler_grid>
