  0.01083605041581165  0.04561510971014282  0.06165604070534466  0.07563812549738737
  0.08858409794180283  0.10150929694735215  0.11394410208681971  0.12598728419575630
  0.13763499791914022  0.14882322592672753  0.15932558784716558  0.16966507223415908
  0.17979136142941671  0.19014052627968409  0.20040368341548787  0.21050601814849845
  0.22035953592093108  0.23015514130490428  0.24000389700597693  0.24999217806883750
  0.25990232657861362  0.26964758304666403  0.27919419247128996  0.28882999273970766
  0.29830939759814112  0.30792170156671461  0.31731840539659056  0.32684362461320304
  0.33625870050764428  0.34565280109243118  0.35493769169488082  0.36405435922716622
  0.37318547924292778  0.38252866533322127  0.39206694311134660  0.40156653135146958
  0.41085420621228530  0.41998859351152451  0.42906913411709380  0.43808961243079803
  0.44702499342392082  0.45599010481363939  0.46511251421688438  0.47428512447975507
  0.48328898316942726  0.49210316688576133  0.50087100171794030  0.50962829366467333
  0.51840665010057463  0.52715442262870238  0.53588359052891810  0.54478938577165148
  0.55385611520758293  0.56288401613502304  0.57175839185202204  0.58074377544395894
  0.58987348482356439  0.59909717009164465  0.60803750580944627  0.61670151709372556
  0.62539688869423316  0.63429624283509434  0.64326625669065940  0.65223076389026169
  0.66107202253539943  0.66996314086595499  0.67894595344337549  0.68806378306748295
  0.69711265817795809  0.70624103834020180  0.71546125879225719  0.72478943440781485
  0.73416910338045582  0.74369629147611016  0.75321566615664048  0.76279783207605356
  0.77242547503158010  0.78214641950946884  0.79186062404270563  0.80159603296025506
  0.81148512522005423  0.82193124746829593  0.83267904591468100  0.84339627570030795
  0.85403827004774768  0.86489026629570476  0.87598382083638893  0.88718308539943425
  0.89878579313896179  0.91060701483247553  0.92297527019271675  0.93601448803327214
  0.95025279245969441  0.96493116599213435  0.98077427358116931  1.00000000000000000
 -0.00220063760169166  0.00952305593056292  0.01952177325116359  0.03003026976260107
  0.04054325099503236  0.05120997333577911  0.06202763337379478  0.07273688620723136
  0.08316148366667343  0.09359119098545421  0.10385704872473414  0.11422564947673952
  0.12481368204942157  0.13565085236074156  0.14635391521016419  0.15646854172761426
  0.16662372207613380  0.17686232672892169  0.18722363318335586  0.19723272566190203
  0.20715941148403985  0.21737483823376247  0.22774889273027180  0.23806690399672170
  0.24819381432943396  0.25839052753962999  0.26875779838164943  0.27916253628429000
  0.28976361292871400  0.30055772157914207  0.31148375335538575  0.32261233792301686
  0.33373666918720518  0.34467597653410120  0.35547520217779027  0.36601346158401682
  0.37646781575679394  0.38673077357782498  0.39711566506598506  0.40766135130022385
  0.41813171079660039  0.42859558064740966  0.43920045832366050  0.44979888797433165
  0.46028703142267219  0.47056680306343668  0.48086336532402330  0.49135630400818847
  0.50196378575937173  0.51290902995326093  0.52393955301565343  0.53494065365677768
  0.54587939061539692  0.55665959612452154  0.56736744796090599  0.57767269556681045
  0.58805571796405109  0.59858698552811362  0.60907738111629384  0.61941371056672256
  0.63000496884813473  0.64058047226042325  0.65104296533599326  0.66134173219893289
  0.67186904599528030  0.68266349874334964  0.69332780989897680  0.70383768523985235
  0.71428801932822816  0.72474680597183616  0.73529521861832881  0.74600613110515612
  0.75655059999831853  0.76731736741990575  0.77793896558483189  0.78881338063545070
  0.79963922835217505  0.81059707455827468  0.82135651451537572  0.83181709846889873
  0.84228701106148018  0.85285646482531419  0.86340697392517185  0.87388597982823402
  0.88427203156135814  0.89468044895503063  0.90527396205374611  0.91579336311492454
  0.92634084981432130  0.93700459693007043  0.94773293523104307  0.95849602998257799
  0.96872044484944231  0.97905134830909368  0.98949822637803997  1.00000000000000000
  0.00271753169853987  0.00929348003717826  0.01636374180292057  0.02334556160593463
  0.03028268462985483  0.03728748999505042  0.04439231377811175  0.05168721813347896
  0.05901492768193073  0.06623404431973139  0.07337757633352035  0.08043904491578859
  0.08740732983661206  0.09436886813264606  0.10137789749854663  0.10847615051322798
  0.11568483578401692  0.12302244657126797  0.13056652248947792  0.13816751784602491
  0.14571814581824510  0.15342123403582789  0.16119917703763659  0.16905375101631714
  0.17687647674299514  0.18474563071607245  0.19257093381661639  0.20040020279389953
  0.20825553538135894  0.21612763628641188  0.22397807270808254  0.23174456507588254
  0.23949437167674809  0.24733290061892688  0.25534012955293250  0.26354295284492724
  0.27166947715420103  0.27971723485690753  0.28788154542523409  0.29616914922485849
  0.30474262464243340  0.31334082686673431  0.32184311814359701  0.33030931245759482
  0.33879168543744237  0.34742814809125983  0.35612429215606983  0.36484915037108595
  0.37348272553201639  0.38220045896849097  0.39108900370002397  0.40023643891710120
  0.40948265205151524  0.41883596947035040  0.42828546648761395  0.43779342743923333
  0.44727913639748762  0.45679853220254441  0.46656163218225277  0.47645475862340769
  0.48643240761129308  0.49638512111251565  0.50643531774763018  0.51657664756734323
  0.52670429053438328  0.53693195658231652  0.54736024972898034  0.55814274103137318
  0.56908353348382235  0.58015404027381068  0.59150601641567380  0.60296935823750863
  0.61442118082136887  0.62595950253103250  0.63779276800957929  0.64979005657542888
  0.66183487913223416  0.67425872356231842  0.68693689179399386  0.69972550090211849
  0.71262812974232526  0.72593719026413128  0.73965878613795577  0.75377797087953458
  0.76823093132197651  0.78312011229160250  0.79864993632388137  0.81465762345904846
  0.83081176876894558  0.84775408894577031  0.86593203651168082  0.88549702313590373
  0.90674596446156852  0.93071466993571983  0.96045276188457740  1.00000000000000000
 -0.00916594671634028  0.08602595252111966  0.12045808359155151  0.14267940287745504
  0.16070092705638050  0.17647279789286002  0.19075602364919758  0.20371435315250430
  0.21574797059247355  0.22712197455591099  0.23796310523604741  0.24836505181730600
  0.25800683427673005  0.26727821192069690  0.27621539875802065  0.28489476465044328
  0.29325995006713118  0.30134123805714264  0.30936830479259375  0.31716452269626311
  0.32475344159063002  0.33210648306192381  0.33918321106924776  0.34613607767085675
  0.35304161674144213  0.35986486978198928  0.36660313030297775  0.37325055938764590
  0.37983313606313113  0.38641450642612057  0.39297463963910262  0.39948113882372521
  0.40595557202226024  0.41241478224377709  0.41875739020434649  0.42495485669178279
  0.43109613699506494  0.43718723485859956  0.44326300352353049  0.44920146409477052
  0.45510042554982871  0.46092676631312279  0.46671541480718765  0.47255457880409640
  0.47844293497639800  0.48437004691303265  0.49034604772793627  0.49631051255373998
  0.50226729650016366  0.50829200410207043  0.51435485626722122  0.52039354898765544
  0.52645547976535423  0.53250273824577854  0.53859992793627165  0.54473702264648582
  0.55085168190350287  0.55691100613318889  0.56297255609618080  0.56911415488289285
  0.57528586224684197  0.58149311612330323  0.58776266533011257  0.59411901739543360
  0.60058568148236657  0.60713782375741021  0.61374509316877779  0.62036840502544366
  0.62703840488301332  0.63375109205070912  0.64056820383126434  0.64750988979691149
  0.65453432707523951  0.66163045757935102  0.66885458131778142  0.67627144113890947
  0.68387677548363002  0.69168306185339268  0.69976889382058860  0.70803066094526090
  0.71661589600849407  0.72538936422705247  0.73447570785972993  0.74381056501598841
  0.75355318645068758  0.76381474134113692  0.77463254300037410  0.78611398234516361
  0.79833119442662859  0.81153666313739004  0.82598977530761719  0.84209350962000806
  0.86062237193541591  0.88400463674741458  0.91836285311513555  1.00000000000000000
   1.3386134155490167E-005  -1.0000000000000000     
 F F F F F F F F F F F F F F F F F F F F F F F F F F F F F F F F
  <DiscreteSampler_grid>
  grouped_processes
  1 # 1 for a reference and 2 for a running grid.
  10 # Attribute 'min_bin_probing_points' of the grid.
  1 # Attribute 'grid_mode' of the grid. 1=='default',2=='initialization'
  0.0000000000000000 # Attribute 'small_contrib_threshold' of the grid.
  0.5000000000000000 # Attribute 'damping_power' of the grid.
 # binID   n_entries weight   weight_sqr   abs_weight
    10   10   4.711182029455843E+004   2.240155426696471E+009   4.711182029455843E+004
    11   10   4.711182029455843E+004   2.240155426696471E+009   4.711182029455843E+004
  </DiscreteSampler_grid>
