  0.01538776272248101  0.02687297205811143  0.04223215728851470  0.05607760827192414
  0.06926453912313131  0.08241343813336958  0.09489836356904152  0.10696279988504281
  0.11853568996121554  0.12969367760038655  0.14063423277945830  0.15153187571833260
  0.16234235640649433  0.17305767934268937  0.18356211140248929  0.19399646399747969
  0.20416032281249119  0.21427478398614563  0.22427656502497004  0.23422279886627781
  0.24416603283470142  0.25404165448521632  0.26387157900636199  0.27359092075586178
  0.28329801226782231  0.29294234375406597  0.30248855167364780  0.31195628244352780
  0.32126287924095609  0.33050867140266932  0.33976727894488901  0.34904931622828717
  0.35835241099127990  0.36766501505728888  0.37695683984255485  0.38619617362625192
  0.39535802823216576  0.40445445493897786  0.41355035561748088  0.42267241118320914
  0.43184055471521454  0.44101650776555418  0.45005506184340927  0.45897855216163552
  0.46793919265909334  0.47701169065482479  0.48608243446385097  0.49511775731514485
  0.50422289543674814  0.51339704012652165  0.52256237963623342  0.53151419415747980
  0.54052908225331642  0.54946553031810319  0.55827886381578806  0.56717223373395720
  0.57601154205462834  0.58493564976758983  0.59383120872353501  0.60278718834551581
  0.61191181210950474  0.62112003614679734  0.63036920740263802  0.63963214712027106
  0.64893504734980045  0.65834369454404751  0.66777368119310765  0.67720961630563936
  0.68661620955375302  0.69600542422483846  0.70542071262940242  0.71486304045498583
  0.72431300664115150  0.73376658726369526  0.74326053126014702  0.75291458581733250
  0.76275115099552659  0.77269026779838568  0.78269901741689618  0.79283608678560835
  0.80314579929377328  0.81365001552275373  0.82429518503394739  0.83509587597779922
  0.84611719378267514  0.85744031740864901  0.86910780438756652  0.88094106091700053
  0.89273509617280955  0.90454046900943841  0.91697780476778668  0.93030666912727433
  0.94292863591839016  0.95965545811082553  0.98657898026995894  1.00000000000000000
 -0.00222053415307429  0.00943065829793637  0.01941615542515615  0.02983094020081578
  0.04023273668263470  0.05069268897929226  0.06097937072666940  0.07129359744568238
  0.08172943905149578  0.09244788890382183  0.10328344142607226  0.11369037204582567
  0.12415679287304129  0.13448918592623232  0.14498685883551451  0.15530263493056962
  0.16572463514976205  0.17614527479735317  0.18674850345110977  0.19725846316625020
  0.20777558878429209  0.21825951432518412  0.22867180678798768  0.23896761106876993
  0.24913200753541301  0.25929762270707429  0.26953562002626619  0.27993480402559590
  0.29036932794957226  0.30101674853940935  0.31184792193687305  0.32280967394762300
  0.33360540488174911  0.34419649844299954  0.35479234610984123  0.36525632981612943
  0.37572651346555325  0.38612847925618010  0.39639863578148099  0.40665411671493451
  0.41700462072219940  0.42751872664963225  0.43801280675233334  0.44851137369630817
  0.45907249826946755  0.46966800307473133  0.48019724257596752  0.49092209801021802
  0.50168378525163126  0.51259115959247048  0.52331455936116889  0.53388761570270660
  0.54453691091278045  0.55524203612849576  0.56601331524410947  0.57656062154639076
  0.58716565314601388  0.59772128142507075  0.60833254828377248  0.61890003381683112
  0.62953593416239528  0.64009309978787432  0.65072848365949887  0.66146000229176183
  0.67219976039839258  0.68281323690646156  0.69335137195263830  0.70386766104700638
  0.71440627683179636  0.72481759175576344  0.73517157394537946  0.74548126882779564
  0.75591848326863820  0.76648972145579686  0.77712979582844577  0.78762977929044220
  0.79815791579942630  0.80858123929799930  0.81907539634469984  0.82949115681725605
  0.84013626082549120  0.85081302933264635  0.86156110055878832  0.87231549799377328
  0.88309372732259117  0.89403143155705544  0.90481752460552545  0.91570207513038149
  0.92624520263579091  0.93671988591462785  0.94712972651913985  0.95758174709835864
  0.96810512537950888  0.97864210718459865  0.98932504159293311  1.00000000000000000
 -0.00000077646956838  0.00672568190640485  0.01317985425313013  0.01964085394902932
  0.02609813245483587  0.03255819843641616  0.03909461138452997  0.04579306369779938
  0.05259949300714178  0.05943373415338848  0.06626050800467213  0.07307120042839758
  0.07988970692826801  0.08675836976115758  0.09370447017501414  0.10072658237826623
  0.10778903455962936  0.11484459391491653  0.12193403793778905  0.12909559057224090
  0.13633413853942133  0.14365342499481304  0.15103862037175497  0.15853300298850762
  0.16609981386818182  0.17360801980351590  0.18102346812235220  0.18831450879214290
  0.19571419020722214  0.20327883196826169  0.21104266680917441  0.21886352252919114
  0.22664827903679868  0.23453960728859438  0.24263020415341091  0.25079104794536455
  0.25895305608910274  0.26705299036128943  0.27512453619157123  0.28322963899709086
  0.29140870954958520  0.29969933462641118  0.30804693412393608  0.31647439680414585
  0.32498388724622940  0.33349181220847540  0.34215134966751398  0.35079002369557877
  0.35950110691658643  0.36832519196809294  0.37734631330996965  0.38648299650393081
  0.39562397669452659  0.40473013701976468  0.41392442943638014  0.42320776526914011
  0.43257013266765815  0.44212798327875330  0.45184994589405053  0.46170475777548725
  0.47168123945636792  0.48179164591016277  0.49199679737281038  0.50218952479409218
  0.51248000675198324  0.52301072997740483  0.53379261751928742  0.54459836154955710
  0.55542654459443996  0.56634828900689127  0.57739196781086077  0.58860098544072414
  0.59989942450619449  0.61137723914470532  0.62306333230597655  0.63510844181178228
  0.64733562599364847  0.65973626427693599  0.67244343276521212  0.68551590495577519
  0.69868472372343648  0.71205908526473460  0.72563226237920353  0.73962986773346151
  0.75398730159378025  0.76871628910147682  0.78403123348902481  0.80005392272069453
  0.81687101512127958  0.83452980095638452  0.85330975037374579  0.87350891887139126
  0.89566039317648427  0.92090112315959183  0.95270165061568091  1.00000000000000000
 -0.01620300876657435  0.09416432621984586  0.13006282289348384  0.15350471381151429
  0.17221447870846021  0.18813859618340037  0.20229035928817785  0.21509574729217124
  0.22680512037921904  0.23767774576248468  0.24793177995847532  0.25766293071643043
  0.26698729648479413  0.27601134903530233  0.28464686989667570  0.29302287722037751
  0.30107857107212455  0.30887286556868165  0.31649436103961470  0.32392840208947538
  0.33126239029285121  0.33843009364188320  0.34546672465248190  0.35240376681325658
  0.35917234483588067  0.36578634863259424  0.37230552614633688  0.37873564576334218
  0.38511921767762197  0.39141345958710905  0.39765576268260500  0.40375861293813620
  0.40981072759780440  0.41580892706952621  0.42172379400695426  0.42760591173299917
  0.43348290868879036  0.43933432701906161  0.44513570968903254  0.45089817864666643
  0.45664796671559404  0.46237415772394547  0.46807979118761145  0.47378257868407092
  0.47947903119246021  0.48518351125938991  0.49085178751055519  0.49651629635945738
  0.50213747598500469  0.50790067555325258  0.51363748232694084  0.51942327794823429
  0.52522161981315740  0.53100046422652236  0.53675350411861622  0.54251585000668767
  0.54830609665867869  0.55414905593762909  0.56002987260161530  0.56594039474945768
  0.57190115664481800  0.57792035472699232  0.58398545304446214  0.59007953737785535
  0.59621272007139303  0.60242320169096131  0.60870569099716454  0.61504233067722480
  0.62145519638696778  0.62792000980852125  0.63447145241363945  0.64110560912058567
  0.64786621124995436  0.65475641792404893  0.66170956270288295  0.66877172138086349
  0.67598893335796728  0.68335179711616856  0.69085964723149795  0.69858037172943932
  0.70658621069640648  0.71501135917817860  0.72374658514940393  0.73281281757286998
  0.74228171046958380  0.75221554458679996  0.76275196514825250  0.77394075569134346
  0.78600911019450204  0.79905770364079565  0.81335281120260405  0.82944484337605673
  0.84816964541873063  0.87158129793110162  0.90764793273973710  1.00000000000000000
   6.5575468364542879E-006  -1.0000000000000000     
 F F F F F F F F F F F F F F F F F F F F F F F F F F F F F F F F
  <DiscreteSampler_grid>
  grouped_processes
  1 # 1 for a reference and 2 for a running grid.
  10 # Attribute 'min_bin_probing_points' of the grid.
  1 # Attribute 'grid_mode' of the grid. 1=='default',2=='initialization'
  0.0000000000000000 # Attribute 'small_contrib_threshold' of the grid.
  0.5000000000000000 # Attribute 'damping_power' of the grid.
 # binID   n_entries weight   weight_sqr   abs_weight
    10   10   5.670449141811122E+004   3.250888896776502E+009   5.670449141811122E+004
    11   10   5.670449141811122E+004   3.250888896776502E+009   5.670449141811122E+004
  </DiscreteSampler_grid>
