  0.00498675799650184  0.02124464689401288  0.03706384918217975  0.05125555663335442
  0.06457935278431506  0.07811961227379197  0.09088283227439106  0.10288200314760659
  0.11422840653483776  0.12521197180484758  0.13639099705096736  0.14759520022511052
  0.15893179774817284  0.17009467219407004  0.18110067431091731  0.19184182714742171
  0.20237742265905301  0.21253704554810765  0.22242660118459434  0.23229307745301284
  0.24230010017938025  0.25241133852618686  0.26259387128909767  0.27277657365162444
  0.28284871288627028  0.29270629305316576  0.30233072750743428  0.31186199593022046
  0.32130426513772126  0.33056896361310312  0.33968416541191138  0.34870008059999719
  0.35790043772831071  0.36720084376252438  0.37640047746456823  0.38544398726227558
  0.39448574828692701  0.40364453129055899  0.41295784448803385  0.42220977329473147
  0.43136608651160918  0.44068175109113800  0.44997978478110795  0.45933715217735327
  0.46862854697566414  0.47788200865409253  0.48706282852922700  0.49638155780048371
  0.50577679180409807  0.51518034317164918  0.52451477480585729  0.53376772742020084
  0.54303337849995725  0.55227719942630737  0.56141071150626842  0.57052975992326826
  0.57967767280266969  0.58903026669524550  0.59855091725254583  0.60796739779489439
  0.61730919166284437  0.62655373617887655  0.63578747918030021  0.64500661074666221
  0.65433781533086322  0.66379244139529281  0.67334738293280250  0.68287314254571896
  0.69246150384297678  0.70217197569270950  0.71189290353444523  0.72158060408391855
  0.73131959354490772  0.74108454028461046  0.75093963553549914  0.76093963477508531
  0.77123720382266148  0.78158684616304208  0.79200797078878715  0.80249923982659688
  0.81303051643161062  0.82350409880584585  0.83376803331175531  0.84402415243131756
  0.85437096892095921  0.86511334093144476  0.87628856553765211  0.88797688797798324
  0.89951447063304191  0.91103582357534441  0.92320644802396057  0.93595663150317765
  0.94908258510525767  0.96349566025161648  0.98076783123542211  1.00000000000000000
 -0.00238682706149305  0.00961244173609535  0.01986696493707054  0.03056091473644125
  0.04115741880505634  0.05157084350198436  0.06193434336919992  0.07241078696411908
  0.08292187733535610  0.09319166826953171  0.10359652417024648  0.11396766072786232
  0.12428248740211728  0.13438132768955674  0.14458435357152594  0.15505583132495027
  0.16548523034296322  0.17595270112375003  0.18648887981222004  0.19707154871519214
  0.20757191198068201  0.21824090736129351  0.22905232871700174  0.23966036679890707
  0.25021821893502194  0.26100670318513519  0.27186435628529820  0.28268388080141094
  0.29324412943455258  0.30349967608270417  0.31386877393734758  0.32456633303299109
  0.33537800979035043  0.34620499316829773  0.35710470538643302  0.36827143818837038
  0.37904582891636940  0.38951521044841159  0.40006935803594140  0.41069571949819766
  0.42116219394682952  0.43146770761859032  0.44175940214958781  0.45222475028424275
  0.46261062043613743  0.47307182250290047  0.48356725498471687  0.49395319476628419
  0.50423050774428158  0.51451813645272459  0.52484048932553851  0.53528828183440558
  0.54565004137611239  0.55642085542789610  0.56705799185000438  0.57789234279901824
  0.58868580959540218  0.59963069753355125  0.61053434350047209  0.62127834929774250
  0.63194586771422212  0.64249460514924106  0.65289852173510621  0.66341590853903221
  0.67402823162540748  0.68469848190254246  0.69527028079324660  0.70588062737984236
  0.71646626215647524  0.72709211486969871  0.73759212937973029  0.74823345232678373
  0.75889119427709539  0.76935769835306955  0.77977362762338143  0.79018293656618854
  0.80079543116040708  0.81134987807479508  0.82190558389187518  0.83234593745894736
  0.84293611475130659  0.85349263268101805  0.86417074025490093  0.87455071233581727
  0.88490017654636477  0.89499223676137407  0.90536652428791153  0.91565683353102045
  0.92618055650588582  0.93661623972641916  0.94718617691322038  0.95768398594481952
  0.96809851346498410  0.97854593969566039  0.98930879104749347  1.00000000000000000
  0.00160486446726864  0.00981636749261200  0.01716439522019350  0.02497444999537446
  0.03269219958298174  0.04008980092219578  0.04728638477317702  0.05437102095701776
  0.06153101942297835  0.06890796838530039  0.07641449462283323  0.08397780585029808
  0.09161843281344750  0.09936282831981071  0.10721709175624182  0.11511931765772464
  0.12298572622677090  0.13080855925456508  0.13880587102838124  0.14698920429685280
  0.15510278540526148  0.16313184721933352  0.17130413240505285  0.17974444879619328
  0.18825150452415859  0.19667236329292120  0.20498686567467070  0.21333369641010924
  0.22174217368663895  0.23008091634326522  0.23831902986417464  0.24656391778951051
  0.25487120301559330  0.26321244195004234  0.27157815622165626  0.27999206824138817
  0.28845867875059322  0.29704147607463216  0.30565703671294159  0.31435630438425544
  0.32327632563235859  0.33232120785911756  0.34146009299297020  0.35062256178456319
  0.35978449493337844  0.36899001114746499  0.37819722765680064  0.38734595111552550
  0.39657441723090120  0.40577997259233606  0.41498971176081678  0.42420242613508236
  0.43355266811097815  0.44302023492420800  0.45260795978954854  0.46234242362457217
  0.47226573320545229  0.48225714759999144  0.49220878558132641  0.50231470467310058
  0.51258875629084044  0.52301724652880388  0.53346941860501973  0.54405651678285549
  0.55476288768662885  0.56543892644103644  0.57607717217251209  0.58687706822914532
  0.59789081106035591  0.60907396145140613  0.62036185748780170  0.63172593409960320
  0.64326076686520639  0.65490419757333773  0.66665977831592771  0.67859238716073522
  0.69073534629903288  0.70323251602139503  0.71579399227417650  0.72847899920656367
  0.74133172909232181  0.75437687111321994  0.76757052333380271  0.78099954793941373
  0.79462631289612906  0.80851340846590669  0.82301359613362479  0.83787605775327489
  0.85291876351535389  0.86902666132481843  0.88582879032747974  0.90349998057424585
  0.92239803813396837  0.94355888434533985  0.96888654732753465  1.00000000000000000
 -0.00888312384269012  0.10488077636516575  0.15049321825670389  0.18062753991980021
  0.20511534085709368  0.22651187873255954  0.24552570877788515  0.26277025452290415
  0.27882821096635535  0.29403268422954193  0.30858884518368079  0.32264349251233043
  0.33617864010980669  0.34931288068668159  0.36174416344317784  0.37398028789400284
  0.38550676436888892  0.39684399043510593  0.40794709494689113  0.41890302210827440
  0.42947916012422382  0.43990801193655804  0.45014917821702305  0.46027619318213187
  0.47031881320895730  0.48023266044533169  0.49003013164442927  0.49971454406952409
  0.50924870275716649  0.51864557701889968  0.52788061067671954  0.53696908943374999
  0.54597107388115129  0.55485558072873375  0.56364671233183272  0.57238236939918041
  0.58104039856764411  0.58957208603735889  0.59799656486663166  0.60626138128846629
  0.61430392882998808  0.62222505355143842  0.63002344552643075  0.63764149558090688
  0.64519635509545004  0.65251519960608706  0.65976099956247358  0.66685918822035040
  0.67382230820600131  0.68066314272501560  0.68739805474428584  0.69394520993734266
  0.70040170923740397  0.70680419584694787  0.71307107342984821  0.71922376909708208
  0.72530505305105086  0.73129445250115344  0.73719662250150531  0.74302259120102188
  0.74877971502195650  0.75438232149296702  0.75983818002983616  0.76522349197101081
  0.77051400029428396  0.77573083954603195  0.78091728248397352  0.78610011082256137
  0.79124348016775925  0.79629894235323184  0.80128152057285451  0.80623612057639493
  0.81119168880404224  0.81617938814264235  0.82117296346453195  0.82617273256652501
  0.83117808645520008  0.83621102140083770  0.84127569538318092  0.84635031373029135
  0.85142470697348405  0.85650445824056798  0.86172568037094188  0.86696102875308445
  0.87230028638523582  0.87777697537427579  0.88342337555956996  0.88919472009857037
  0.89517960337269387  0.90157783767999411  0.90836997356725901  0.91582917090976812
  0.92477737959916717  0.93587846237515160  0.95319583211241110  1.00000000000000000
   4.1136233835790941E-005  -1.0000000000000000     
 F F F F F F F F F F F F F F F F F F F F F F F F F F F F F F F F
  <DiscreteSampler_grid>
  grouped_processes
  1 # 1 for a reference and 2 for a running grid.
  10 # Attribute 'min_bin_probing_points' of the grid.
  1 # Attribute 'grid_mode' of the grid. 1=='default',2=='initialization'
  0.0000000000000000 # Attribute 'small_contrib_threshold' of the grid.
  0.5000000000000000 # Attribute 'damping_power' of the grid.
 # binID   n_entries weight   weight_sqr   abs_weight
    10   10   4.751698199450759E+004   2.269745192560140E+009   4.751698199450759E+004
    11   10   4.751698199450759E+004   2.269745192560140E+009   4.751698199450759E+004
  </DiscreteSampler_grid>
