  0.01525417849267207  0.02292142013754240  0.03646673989547342  0.05053992495444110
  0.06433033880480343  0.07747884824743613  0.08993791498233497  0.10177486910513876
  0.11307118453125228  0.12400845106412214  0.13499324790663192  0.14587565632329849
  0.15622901246057880  0.16641661937081384  0.17655058565618814  0.18672764150758278
  0.19708762243295619  0.20750366854273608  0.21799916830436006  0.22837788845885948
  0.23865565189666929  0.24865518317231333  0.25843476218910638  0.26814156878641904
  0.27784565606919853  0.28756364853859379  0.29729132849865703  0.30704621715935154
  0.31673391188827760  0.32618792809241398  0.33549256681851630  0.34481919266532068
  0.35422517103701417  0.36365916752877325  0.37304317615263166  0.38221752973652279
  0.39140987578107067  0.40059097038551150  0.40969128647817793  0.41877968303335922
  0.42784517751561424  0.43689580756587715  0.44599627539975450  0.45502536978134789
  0.46404671490580413  0.47299456872700985  0.48199121324063854  0.49100648702925126
  0.50006266293634738  0.50922149175386633  0.51837972010380828  0.52745591107546230
  0.53643624801891021  0.54541502350323245  0.55446678788728632  0.56354710551856813
  0.57248797103914884  0.58148743759367627  0.59065715927580509  0.59990403896990108
  0.60904580277084464  0.61809556253154097  0.62715350931831104  0.63621220613092855
  0.64530504583955040  0.65441553128782814  0.66351292287784058  0.67274822194614725
  0.68200387338783197  0.69122784585533192  0.70043016706545447  0.70976771867058963
  0.71935743511492001  0.72904848151937218  0.73880863882206183  0.74856497264486865
  0.75835744421294748  0.76830912911585869  0.77848499322613973  0.78882408280914074
  0.79909280076659095  0.80935562604977695  0.81986864585872143  0.83056322974792196
  0.84149268637145003  0.85229545408149154  0.86327956509903703  0.87450789599871126
  0.88648318792717617  0.89880809318641419  0.91129493209007040  0.92443109820981761
  0.93828871397441949  0.95291974986265660  0.96884324527485632  1.00000000000000000
 -0.00256590172042570  0.00989307789502090  0.02031387792008089  0.03077419355695320
  0.04132766622873254  0.05191859090123676  0.06244447051374329  0.07302422107412580
  0.08362839573670193  0.09443319693507816  0.10510364529551113  0.11572685627934537
  0.12633833722917912  0.13703246991085241  0.14762763281090158  0.15811442565911010
  0.16848772774419166  0.17906489740723858  0.18963626609932735  0.20022281654909155
  0.21089596616154155  0.22180451042449414  0.23271277274264116  0.24358095178582279
  0.25441024591683081  0.26524438114582499  0.27577016610976074  0.28617695534151938
  0.29653343150379752  0.30689368218355534  0.31728484460656670  0.32778452618259335
  0.33827259887087907  0.34877844666689456  0.35924633161107961  0.36974782965657954
  0.38022578746415714  0.39074122768117620  0.40119281712197574  0.41156803477014220
  0.42182531757473185  0.43211491395461171  0.44231947760841739  0.45242017229586595
  0.46254057732803050  0.47258342858865837  0.48273751932874975  0.49291202528013550
  0.50333484778387916  0.51388827383063596  0.52452302563755393  0.53499752994364491
  0.54541561739007927  0.55569445143785579  0.56592646901953070  0.57608965513586441
  0.58642078337247561  0.59681217717120083  0.60728154671684520  0.61765998143417145
  0.62812331797450927  0.63879639294633161  0.64947040176252824  0.66030746977452393
  0.67114229600011188  0.68203892722581927  0.69281963686737458  0.70350513146604310
  0.71407270630444164  0.72470500093658530  0.73520765952174894  0.74562451717532185
  0.75578569866666989  0.76583981206840568  0.77593311997646597  0.78608455049818282
  0.79650422775100538  0.80713973315748500  0.81778868441967201  0.82849933782270302
  0.83938448051144432  0.85021755379448960  0.86097952802184508  0.87150057838258332
  0.88204713386423583  0.89247648514908207  0.90300661456156239  0.91369239614932374
  0.92428750920122216  0.93509253642048029  0.94609992442843016  0.95709806798733499
  0.96801208111338166  0.97867547855923176  0.98942612326539647  1.00000000000000000
  0.00221505617996786  0.00907157683147543  0.01570064602317887  0.02247033611873751
  0.02952208703811475  0.03671393500054497  0.04392290207707856  0.05111539247941891
  0.05836043905287910  0.06570680807554870  0.07307997234058623  0.08042190144703629
  0.08782521365988652  0.09536687088269573  0.10301923064986500  0.11078262069682915
  0.11862387461509880  0.12649290978719493  0.13436965574554827  0.14226685496926245
  0.15010428915085877  0.15788127950381198  0.16581521093674800  0.17388003935868196
  0.18204430751779080  0.19034836431969354  0.19872232149706182  0.20701853155688724
  0.21521695109795602  0.22342494421914127  0.23170619895011188  0.24000138944228450
  0.24835217490331418  0.25674518157411563  0.26519070965070579  0.27377146289980464
  0.28244994298805498  0.29111511373945820  0.29976391084079362  0.30846863105467759
  0.31723402172122106  0.32607977922338932  0.33490952802581864  0.34373307663156305
  0.35264627603680371  0.36169576614469673  0.37081497923694506  0.37987382155406568
  0.38897400982545527  0.39809143499069177  0.40724568288679047  0.41660366901086943
  0.42602453770973020  0.43541823119921025  0.44479810737451830  0.45431466887158029
  0.46414906825633429  0.47428492565596092  0.48446903599955915  0.49471539394157432
  0.50495356736821517  0.51517571164925180  0.52544488733029193  0.53578714121283921
  0.54634147331936089  0.55686815390474920  0.56754730711719581  0.57826401420537754
  0.58913251060937655  0.60020106571537646  0.61149514894765766  0.62285638390394205
  0.63421610239594084  0.64571290801403380  0.65745571924650970  0.66933966397255473
  0.68135062437457627  0.69362598635720329  0.70611073399615121  0.71887351326739224
  0.73187678875323670  0.74505809907343756  0.75843017417192693  0.77207345405711358
  0.78596500294013016  0.80023778815629132  0.81499451619505092  0.83028433659318923
  0.84632644729261874  0.86320848803482753  0.88066715202992751  0.89888699475962219
  0.91842093930797919  0.94039976583934903  0.96680613525402959  1.00000000000000000
 -0.00943645792247890  0.10113001033103092  0.13844558377473054  0.16232033206490057
  0.18237080302415223  0.19983579331196968  0.21543489233412166  0.22991157054152575
  0.24350156264330844  0.25619695029081124  0.26812606258027244  0.27962066526609208
  0.29101043776584024  0.30194138939903986  0.31257077804846795  0.32282261311408539
  0.33297034408425019  0.34296474463953602  0.35293748277252412  0.36270099234451642
  0.37229688113348802  0.38163449852740455  0.39090736952144822  0.40004791260373873
  0.40900440092885948  0.41793297451379613  0.42676830607368987  0.43556982424709473
  0.44423254099673604  0.45276134464972811  0.46129371669448305  0.46974494669585354
  0.47819324924457340  0.48656769279691919  0.49486481469669485  0.50307441126798735
  0.51117670836087958  0.51925968212578288  0.52731843113331256  0.53538171666367629
  0.54349235352267933  0.55157173324095299  0.55951767034064159  0.56733785417080085
  0.57518790200434167  0.58296744497801867  0.59059842135809826  0.59814884319511119
  0.60565014624741964  0.61310135351953765  0.62047353985498044  0.62775259073274026
  0.63492467191421942  0.64201989461983244  0.64905606742716238  0.65601525139241590
  0.66291385002469105  0.66975177046912704  0.67650919902462014  0.68327967358152697
  0.68999200460868915  0.69662163368005614  0.70318081824072454  0.70970156811824747
  0.71615340305214414  0.72255841826453948  0.72894867373696903  0.73528673313685144
  0.74162182163985613  0.74793857170457978  0.75422093172122662  0.76047311029519815
  0.76668662977446966  0.77284300976847220  0.77893973988832610  0.78501497532927889
  0.79105709755732589  0.79716179698684853  0.80330063366057980  0.80946130893723323
  0.81565577460232552  0.82191580220617855  0.82825973681538123  0.83473415900236791
  0.84130901503478095  0.84790306839348273  0.85470177842849104  0.86196573080234007
  0.86964019014108407  0.87785755082875783  0.88672225809475369  0.89651837241642451
  0.90795631930923493  0.92238753973610799  0.94482884025606984  1.00000000000000000
   8.6456911756573778E-005  -1.0000000000000000     
 F F F F F F F F F F F F F F F F F F F F F F F F F F F F F F F F
  <DiscreteSampler_grid>
  grouped_processes
  1 # 1 for a reference and 2 for a running grid.
  10 # Attribute 'min_bin_probing_points' of the grid.
  1 # Attribute 'grid_mode' of the grid. 1=='default',2=='initialization'
  0.0000000000000000 # Attribute 'small_contrib_threshold' of the grid.
  0.5000000000000000 # Attribute 'damping_power' of the grid.
 # binID   n_entries weight   weight_sqr   abs_weight
    10   10   4.741898596016572E+004   2.270243493768014E+009   4.741898596016572E+004
    11   10   4.741898596016572E+004   2.270243493768014E+009   4.741898596016572E+004
  </DiscreteSampler_grid>
