  0.01003237815349903  0.02331516072089860  0.03965649861621417  0.05551286464424421
  0.06999870046939539  0.08314399095994042  0.09563069133558108  0.10769133643498885
  0.11945605485626073  0.13105822680009394  0.14247860261110204  0.15359190155866473
  0.16456864919953801  0.17543176306670943  0.18614198299590107  0.19656341397526478
  0.20694804960410743  0.21706308322969822  0.22722761973306571  0.23715837108589102
  0.24726547205753385  0.25733787093543281  0.26725562118940877  0.27684936163808210
  0.28633761495853444  0.29579464591637528  0.30531232281538184  0.31472082401391072
  0.32397250565116442  0.33310997235950601  0.34217823122021235  0.35126021132187657
  0.36029893975641569  0.36934372034560081  0.37833399155781217  0.38736616318894357
  0.39648161660275788  0.40565128756766278  0.41484954901024479  0.42408800452723355
  0.43336955112148606  0.44266384500508299  0.45193876446194720  0.46116413836943038
  0.47039002116215889  0.47961165370810022  0.48882486519573243  0.49809525712095204
  0.50748905580957049  0.51694073777022653  0.52636987316701167  0.53577472956686900
  0.54520958529764330  0.55469379353158976  0.56425380676866921  0.57363493529197285
  0.58295247895309821  0.59218163252187095  0.60137578429105509  0.61061568462745752
  0.61987352468817769  0.62923592707784937  0.63869570086438532  0.64816283555905740
  0.65761983288993053  0.66713179530746136  0.67680013861758037  0.68646565365896917
  0.69593981326491328  0.70520798845357258  0.71461353285416018  0.72408397780723721
  0.73353305904937927  0.74300902058163565  0.75270266245074569  0.76273780159308102
  0.77282262551737857  0.78281658243445273  0.79277044768858507  0.80306443548066608
  0.81351197036152800  0.82398812277637923  0.83423904764670620  0.84463023712342677
  0.85531061089647920  0.86636092033721535  0.87751069734332365  0.88871238622995563
  0.90002076492839878  0.91145514911061565  0.92372534383123495  0.93652921159418157
  0.95033256370019004  0.96601183965659454  0.98095083005438088  1.00000000000000000
 -0.00243301133979437  0.00984091976931049  0.02004612885342792  0.03068513125068947
  0.04121731286275729  0.05175982265890199  0.06247046171373003  0.07332817491521793
  0.08421818454903572  0.09474617718373604  0.10512862897410161  0.11549094033599079
  0.12619782963032772  0.13698505912400627  0.14796321590265635  0.15871903965490880
  0.16939895664934854  0.18000067911896253  0.19064982491622928  0.20141960620320798
  0.21197929903434579  0.22246928530898583  0.23293207190534701  0.24325148472260388
  0.25346340628735814  0.26366690123130809  0.27391278068544195  0.28418708655075903
  0.29466134694097257  0.30524277016502110  0.31593358527655307  0.32638024715192154
  0.33686823693849588  0.34734587598694661  0.35803152532351529  0.36867746659173151
  0.37957935069042714  0.39039151477399381  0.40138133545920224  0.41222877837431299
  0.42287503008897126  0.43349177061119748  0.44391572739285240  0.45429023393229268
  0.46469500862355334  0.47510149687870873  0.48572297932687730  0.49632709510232970
  0.50683250720138062  0.51744574792425768  0.52802307939752335  0.53872491925686805
  0.54904873520301445  0.55929049267428588  0.56975721583817418  0.58033993384399052
  0.59098597500621097  0.60154696620256720  0.61211211441717528  0.62270268041792121
  0.63323025027692659  0.64359839297955768  0.65414268805513931  0.66452955220589782
  0.67498136253545682  0.68542013924152578  0.69579434334126944  0.70624176287166951
  0.71656875497682426  0.72691161883367483  0.73742009588246249  0.74795166190811002
  0.75853349907763312  0.76912710763006853  0.77965537342361391  0.79020350712346787
  0.80071516545835797  0.81124328783796518  0.82164732711379074  0.83193640765834243
  0.84228490638540765  0.85266033268293917  0.86307511642302337  0.87341106046920447
  0.88374238703346686  0.89401502389736265  0.90431936894440423  0.91478611528738563
  0.92540698280139011  0.93599791536805632  0.94667560407769313  0.95739499230279357
  0.96809668415534789  0.97871602000907243  0.98935216385427083  1.00000000000000000
 -0.00155970639943969  0.00548486552726256  0.01231466574383252  0.01905592956629198
  0.02599271931100641  0.03309794757551638  0.04027120925624376  0.04751559864858861
  0.05478568793447851  0.06230813690548875  0.07006534182506091  0.07784117797552675
  0.08562542212800865  0.09343408969322609  0.10129406696943324  0.10925773711319992
  0.11735319319461779  0.12543490382578446  0.13338559120197174  0.14138575698141331
  0.14933671085558126  0.15737764197854440  0.16553295569690257  0.17369688586700330
  0.18178978102140730  0.18981587654763074  0.19780904433139201  0.20584537437781744
  0.21406784782367189  0.22241421831364772  0.23086553055570538  0.23935603899766897
  0.24786011170605340  0.25648051629468754  0.26515605049492663  0.27386130524920888
  0.28256776116141319  0.29129349942641275  0.30017246808180348  0.30915443377948265
  0.31815512281009944  0.32711448068823629  0.33600325050516350  0.34480693015103669
  0.35364316857367561  0.36255937116983766  0.37159383848664396  0.38084773870680189
  0.39028500917035736  0.39986505929908850  0.40945992940636994  0.41909651915211787
  0.42880028064416148  0.43857159919999544  0.44848427519965833  0.45848024828512107
  0.46850437320858856  0.47855063864241898  0.48859431873807552  0.49868114899665417
  0.50889509628754204  0.51922275063763879  0.52971485907166738  0.54037828705920499
  0.55122296469364118  0.56216231799643734  0.57306172760270935  0.58399732070832233
  0.59503036511636676  0.60614666688209606  0.61723322695392235  0.62840313040927931
  0.63980948113949054  0.65141608700224285  0.66312962936883912  0.67511467857162433
  0.68743885071062816  0.69989890564324253  0.71250164033892815  0.72530079896684851
  0.73827405741663965  0.75145477812425909  0.76489571648606569  0.77862304169217944
  0.79260607748273959  0.80686479238545072  0.82156385741010407  0.83656395580316689
  0.85191877278172812  0.86795717909934045  0.88479108302578247  0.90255519648109961
  0.92152856205429701  0.94238539163804780  0.96747105116926324  1.00000000000000000
 -0.01727872629169076  0.11023914118023140  0.15323014962458853  0.18272910565400682
  0.20729507698363367  0.22872173186269298  0.24784887299508127  0.26508238145501922
  0.28102509919682661  0.29592789822607363  0.30993195136358909  0.32337172573408646
  0.33636304285097457  0.34894297301180194  0.36125669925030490  0.37342657241610777
  0.38542371789675611  0.39722251140233705  0.40871101481322525  0.41992474885273656
  0.43083621367657499  0.44147026339698869  0.45188761833553237  0.46216257948108813
  0.47242712502887241  0.48254235359837372  0.49249553016305281  0.50228368360385645
  0.51191032281082338  0.52139217210769018  0.53062252983160940  0.53972535641767616
  0.54876227748992068  0.55767071311114291  0.56637789070476074  0.57489556458420399
  0.58333758670158820  0.59165871909222989  0.59986474488813923  0.60789993579307688
  0.61573944452550333  0.62353903731882887  0.63121229324186112  0.63879585549126017
  0.64628495928561591  0.65357694588599713  0.66075150162405238  0.66781795478889527
  0.67475884035093781  0.68165663082696348  0.68844050575587445  0.69505963856295194
  0.70162239188334596  0.70807045666863677  0.71435798600135092  0.72053459591180868
  0.72659842323228663  0.73252132263025105  0.73833403166487532  0.74405146049015680
  0.74968021935100149  0.75523648679634214  0.76077128563436658  0.76631833494981361
  0.77176329967168655  0.77708364542876229  0.78233230409284971  0.78754282522336116
  0.79268559537989514  0.79774226909712631  0.80274894502055794  0.80770959961500699
  0.81268874438016236  0.81768505162364558  0.82267524473010079  0.82764108304510042
  0.83255463692171805  0.83746094860218256  0.84239547331935205  0.84736822797444533
  0.85239508040184975  0.85749242243974400  0.86270220084727434  0.86796272203062896
  0.87330501946789008  0.87883156483411762  0.88453336728639775  0.89042541508464002
  0.89660867770679742  0.90317918417770182  0.91006961608230041  0.91772387267227185
  0.92688769230718415  0.93854143147811220  0.95754228279468145  1.00000000000000000
   4.1432627333982192E-005  -1.0000000000000000     
 F F F F F F F F F F F F F F F F F F F F F F F F F F F F F F F F
  <DiscreteSampler_grid>
  grouped_processes
  1 # 1 for a reference and 2 for a running grid.
  10 # Attribute 'min_bin_probing_points' of the grid.
  1 # Attribute 'grid_mode' of the grid. 1=='default',2=='initialization'
  0.0000000000000000 # Attribute 'small_contrib_threshold' of the grid.
  0.5000000000000000 # Attribute 'damping_power' of the grid.
 # binID   n_entries weight   weight_sqr   abs_weight
    10   10   4.893918424986018E+004   2.447510059851270E+009   4.893918424986018E+004
    11   10   4.893918424986018E+004   2.447510059851270E+009   4.893918424986018E+004
  </DiscreteSampler_grid>
