  0.00922965455512164  0.01163190278830628  0.01499474328606311  0.02023537694284669
  0.02763456761942293  0.04284017003056459  0.05636207808655640  0.06915622741820868
  0.08162545270922793  0.09405857719457912  0.10604446695954424  0.11790907126652186
  0.12955693143656916  0.14121825283576322  0.15267256237780846  0.16400078398714796
  0.17512912811105294  0.18609059024133115  0.19696564323217122  0.20773839707673603
  0.21827102418515304  0.22855063091157252  0.23863467585467954  0.24859954260366166
  0.25857627569928121  0.26860075315170556  0.27868940912100881  0.28877728762105737
  0.29878327661688064  0.30870978211981787  0.31855318702767482  0.32830017098367742
  0.33798650340096614  0.34764463015559804  0.35730775914635077  0.36698203602731883
  0.37659521501681531  0.38613922929355560  0.39563662917297093  0.40509867563423962
  0.41456507175065094  0.42407484369521531  0.43364425548047936  0.44320810601573690
  0.45272881046594521  0.46212932928821088  0.47150344139253886  0.48094171086147075
  0.49038322235353993  0.49986119757871711  0.50938216581936113  0.51890424651564071
  0.52833693620409461  0.53764908246761256  0.54704339912082200  0.55646058332460091
  0.56587990159952395  0.57521977750529452  0.58459423375135511  0.59409436169496344
  0.60372045329552604  0.61339670046028627  0.62305854832540364  0.63268747301569184
  0.64239118073072121  0.65213319474691711  0.66187368850174011  0.67159128104559118
  0.68122741144278320  0.69084235268234040  0.70044242834916903  0.71013102385946802
  0.71995091299301972  0.72991271426564852  0.74003748563166916  0.75026007251427118
  0.76052717662994862  0.77083666852281574  0.78116672398906706  0.79155126102927587
  0.80208078477073252  0.81278651638364907  0.82369473188227993  0.83469564423437170
  0.84571157631209803  0.85687220907721784  0.86820187596543064  0.87972230435573606
  0.89150701144782585  0.90392566562959453  0.91711592045791834  0.93070027015544310
  0.94436816992806749  0.95917580664914670  0.97632698539672658  1.00000000000000000
 -0.00246133074964015  0.00967522816166836  0.02002019065636644  0.03059109033088029
  0.04096386137661887  0.05140885747961506  0.06176687421225067  0.07252473169317632
  0.08331789156885337  0.09436120941979195  0.10545942059943973  0.11634506521373573
  0.12711218879299019  0.13760604984266742  0.14814106136100702  0.15861485924400018
  0.16914424332215630  0.17961742440123907  0.19009706471715568  0.20049791945694356
  0.21090964700797010  0.22139831097249296  0.23194696918129667  0.24250041003803577
  0.25298026595568746  0.26357073074693865  0.27422782711107563  0.28478462053301989
  0.29526216003697747  0.30575453222552113  0.31619976968568425  0.32665320758674693
  0.33717850404720101  0.34787666021317071  0.35861923061822887  0.36926863322830722
  0.37986243703084310  0.39041303486215478  0.40099398749166454  0.41160974398679678
  0.42219374800762050  0.43272989666197875  0.44322920077418765  0.45365660253037909
  0.46404184551830613  0.47454793911935977  0.48515713060001975  0.49576370445458623
  0.50629794344643331  0.51689428159019524  0.52686864105769993  0.53688985669555578
  0.54671886856070750  0.55725165345291527  0.56786605475947294  0.57852790125854059
  0.58922264176631711  0.59983480097297670  0.61049037944039120  0.62117499936216491
  0.63198393454840329  0.64274172813361907  0.65327336803835456  0.66376604494895208
  0.67433379616271938  0.68491680339587890  0.69538649964399613  0.70586210453273746
  0.71636298185979741  0.72697001865926136  0.73735470569123052  0.74779643428268006
  0.75824661877390787  0.76864371449782454  0.77906832507403512  0.78938501402390304
  0.79985477355838752  0.81018205305000057  0.82068226822474677  0.83111748260258722
  0.84159969744473984  0.85192050948168441  0.86226282264142695  0.87263213054241573
  0.88295709050828808  0.89334022738771057  0.90392717731459316  0.91462323631738063
  0.92517938071408112  0.93567128490246720  0.94627942540470100  0.95698422346284828
  0.96775324335768531  0.97844866188511037  0.98919983038494463  1.00000000000000000
  0.00145562078638603  0.00998336027750868  0.01624417890359085  0.02288492562767160
  0.02988959015927833  0.03678392176949063  0.04387138624374992  0.05124070154722211
  0.05870779855377783  0.06612602354162313  0.07348618681370098  0.08083600551423999
  0.08821048106206070  0.09563633589552255  0.10305381256021440  0.11039158459933701
  0.11769894303081110  0.12507465708573487  0.13256121885474367  0.14012804653221919
  0.14772866321778536  0.15536340197683970  0.16303280721406355  0.17074972980263703
  0.17855045976990094  0.18637170782782192  0.19414436908516511  0.20195245538282300
  0.20981163935188374  0.21783538038792252  0.22586552552265585  0.23400960691901482
  0.24215833986859547  0.25033520453616892  0.25857532030264185  0.26687542355522503
  0.27521284941597790  0.28357341808328962  0.29196488349066646  0.30038831662415899
  0.30882231111270025  0.31728869581314068  0.32581351268917264  0.33444014829917412
  0.34318994677565207  0.35204205005100980  0.36096032024626135  0.36992721206271428
  0.37896024777791365  0.38805932422341571  0.39719674811954603  0.40642291187671342
  0.41576891955167955  0.42524751642062059  0.43476070724755206  0.44431144292883057
  0.45397342877052210  0.46374800997566434  0.47356992895971906  0.48340949958117463
  0.49334921550976024  0.50336925075793160  0.51356883495374195  0.52391720072261194
  0.53445562739875430  0.54505609499840446  0.55568469518363162  0.56636182741500163
  0.57718434764589366  0.58819205460787538  0.59934609163608288  0.61054296885012560
  0.62179945925857183  0.63324891922083748  0.64494346464345187  0.65682970247139327
  0.66893698126694900  0.68132090623782537  0.69397874506931134  0.70685646790213552
  0.71994123675956467  0.73328159160781914  0.74699362534325042  0.76108725337161076
  0.77544632128632718  0.78996923804985086  0.80498712875635436  0.82052572760428744
  0.83678807649010745  0.85395981696695500  0.87205484666278621  0.89131992673248794
  0.91213658745777482  0.93540361839247610  0.96359546995042011  1.00000000000000000
 -0.02299661927820762  0.11345489327391767  0.15219035371392531  0.17701054142296765
  0.19687473649027193  0.21404990855004008  0.22950889294190535  0.24366616559276186
  0.25697809764087531  0.26975385468330942  0.28189450167726382  0.29366571084704646
  0.30498601376821183  0.31599865122377063  0.32657541460313222  0.33695591431589611
  0.34708669774586970  0.35707081555573456  0.36684821426553871  0.37649491590784795
  0.38592896473377319  0.39529032555323590  0.40449875931168444  0.41362260422792441
  0.42262003793698255  0.43148835238803140  0.44022493148511116  0.44882548503696029
  0.45722327309440419  0.46517639351964496  0.47311088765326054  0.48109111060453652
  0.48928453285090878  0.49745371311298081  0.50558739428557609  0.51368876436350630
  0.52172446707778208  0.52965700772403423  0.53751898707163837  0.54537548812914638
  0.55317344738108309  0.56092905514696201  0.56855997127657265  0.57612619501935713
  0.58365170932639765  0.59114430174021670  0.59859418898859462  0.60599103075370675
  0.61328355300471671  0.62051407527436109  0.62764278269949936  0.63471523907965088
  0.64173636973257075  0.64869779321499121  0.65554318063966766  0.66230414932493442
  0.66901353538752706  0.67563223181677889  0.68225771365944143  0.68877111153178860
  0.69520838122492734  0.70158251732781229  0.70793469521332597  0.71428183433714976
  0.72059029000695618  0.72682781304404243  0.73299253002226306  0.73911256466169339
  0.74519501252669562  0.75122960967155805  0.75721426405021086  0.76314925309917059
  0.76906025572513192  0.77494010926415902  0.78078362929273759  0.78663370771983410
  0.79246045422903211  0.79831158860749918  0.80412050543841029  0.80994547877706757
  0.81582234688187816  0.82178275850221116  0.82781889910915707  0.83400098147987001
  0.84035938251037379  0.84685663484197682  0.85353689630751606  0.86046407310672057
  0.86770471448806008  0.87539220827996478  0.88370690023080989  0.89286643329131254
  0.90338216775632663  0.91667046415214914  0.93862084134304868  1.00000000000000000
   1.7219854424771304E-005  -1.0000000000000000     
 F F F F F F F F F F F F F F F F F F F F F F F F F F F F F F F F
  <DiscreteSampler_grid>
  grouped_processes
  1 # 1 for a reference and 2 for a running grid.
  10 # Attribute 'min_bin_probing_points' of the grid.
  1 # Attribute 'grid_mode' of the grid. 1=='default',2=='initialization'
  0.0000000000000000 # Attribute 'small_contrib_threshold' of the grid.
  0.5000000000000000 # Attribute 'damping_power' of the grid.
 # binID   n_entries weight   weight_sqr   abs_weight
    10   10   4.487306236877223E+004   2.055499546378417E+009   4.487306236877223E+004
    11   10   4.487306236877223E+004   2.055499546378417E+009   4.487306236877223E+004
  </DiscreteSampler_grid>
