  0.00215481996616832  0.03180152981716503  0.04641420555681256  0.05969176790021572
  0.07202831284058113  0.08440848424700036  0.09628991554510331  0.10856036982745745
  0.12031052456259750  0.13210058056252111  0.14352025306684141  0.15461621178470825
  0.16552949597235986  0.17625432776032474  0.18685771254176151  0.19746377581156904
  0.20784216377446946  0.21802348869685167  0.22809855016015201  0.23835499207765104
  0.24850941937140619  0.25841689695171116  0.26810410919072358  0.27760936460037156
  0.28704649163306556  0.29636538811674701  0.30573124785624622  0.31500696498650388
  0.32412789538067210  0.33311794847117704  0.34196111434499082  0.35075551758000550
  0.35957260865873902  0.36845458621202148  0.37735163945835232  0.38620907137303090
  0.39504132236821471  0.40391980428244395  0.41290029117770349  0.42200439287196961
  0.43120746801863963  0.44036494278665739  0.44940295537963831  0.45834757984267749
  0.46723195266503670  0.47618295135927496  0.48517301223145626  0.49411822077356798
  0.50306889126008658  0.51192922184120193  0.52085767074669642  0.52996519601202297
  0.53916410240154922  0.54831318653840799  0.55729568145925212  0.56630926454264141
  0.57545888064698325  0.58458299798241231  0.59362699163266086  0.60274915184903421
  0.61188419308367348  0.62091896810549629  0.62984526080150860  0.63866925766935867
  0.64757328799163272  0.65672212407724095  0.66606380224912842  0.67548450308539043
  0.68487006442989906  0.69432324717448191  0.70391443516772367  0.71369312365835347
  0.72340152262226376  0.73310137290293809  0.74274709307733477  0.75243900173470413
  0.76219590524308012  0.77202749778537583  0.78179445961417293  0.79166207847560699
  0.80165864999489034  0.81180275563064630  0.82191216565891811  0.83209820886331853
  0.84265177116022116  0.85344168374442897  0.86462814365480711  0.87609144721765975
  0.88843767494260761  0.90143225390759785  0.91549249479673034  0.92987105038125117
  0.94537848357998122  0.96160327881924257  0.98403852341457576  1.00000000000000000
 -0.00205575481690698  0.00942956675331637  0.01912147815523802  0.02939825876452300
  0.03961275372109867  0.04982751177474667  0.05996908753125457  0.07061028987750656
  0.08133002760647001  0.09220240065391522  0.10273284537223869  0.11346070758058087
  0.12399503409552314  0.13446683901253800  0.14486954388269402  0.15522683187571829
  0.16576785850395556  0.17654872074201960  0.18699970268722294  0.19743235112030350
  0.20792369247580711  0.21873770398994330  0.22942860419198535  0.23984054007040595
  0.25004066180560425  0.26040820033698103  0.27074376822193652  0.28113482944813484
  0.29151371272756182  0.30219891880568428  0.31300610749276742  0.32352474009319582
  0.33421765822383392  0.34472271306403057  0.35562753268781822  0.36645241048953570
  0.37733582088333545  0.38796949619626764  0.39860050282622328  0.40931716849714933
  0.42005112916434628  0.43068705442233662  0.44137736463437516  0.45207015332037059
  0.46273088107761962  0.47341422441598480  0.48417461623250674  0.49485417848767327
  0.50552058972534730  0.51614500890641368  0.52668798282858864  0.53735852547711094
  0.54824148699819530  0.55926539740317549  0.57001696920219114  0.58078303929256081
  0.59134594371395821  0.60183546451213454  0.61204128410834857  0.62215775116303351
  0.63220152671974894  0.64223660632149859  0.65271669802810284  0.66326222322793560
  0.67398651598392045  0.68510014650868056  0.69607649040416575  0.70703845367078422
  0.71785826291083865  0.72872013121399393  0.73954148458005875  0.75006254015086371
  0.76063236176718874  0.77108420582800541  0.78140682445871235  0.79168017714814998
  0.80197529818152991  0.81200741446640290  0.82214627507364391  0.83216168174577398
  0.84283752128067402  0.85339573214988618  0.86394533777313709  0.87441096622376679
  0.88498194216164583  0.89547165978280274  0.90598831791797574  0.91642345198826436
  0.92693714764509372  0.93754602612221605  0.94820653237195840  0.95880687592761693
  0.96902503652798455  0.97916663005124827  0.98963847193214793  1.00000000000000000
  0.00610655175181370  0.00936406512029578  0.01568878462055794  0.02183480225855891
  0.02838824608239905  0.03487807536027583  0.04152481417913564  0.04840452691898227
  0.05536249206934864  0.06229747655410389  0.06944652397838072  0.07668064287956892
  0.08414061928728085  0.09171036913584868  0.09932449170760402  0.10693661254086453
  0.11450688924557718  0.12203164769625888  0.12948740936092343  0.13689481299195272
  0.14427719166048802  0.15175524011668970  0.15926939089697914  0.16683951180467671
  0.17427861870743613  0.18180791265965104  0.18939281307806996  0.19718772314323652
  0.20487820475974250  0.21259055666803139  0.22026144031662795  0.22803991139913951
  0.23606206454013576  0.24428048031483540  0.25254616242552813  0.26081442628112861
  0.26909011153942258  0.27748573716246128  0.28599940560118164  0.29461347860555798
  0.30329591033566183  0.31193690302415450  0.32051325131237246  0.32916262591005246
  0.33795655647778100  0.34678962963664162  0.35570740827371794  0.36473302069707136
  0.37389387176290273  0.38325592479976239  0.39268475426793481  0.40205529317385608
  0.41143804142572510  0.42078616021229354  0.43019881074345395  0.43981001129436614
  0.44953218244682497  0.45923021249037649  0.46908532574174150  0.47910596444724768
  0.48935285476100482  0.49961582172099150  0.50995417727912740  0.52026033816907824
  0.53063206764381010  0.54107748162963032  0.55172172837556910  0.56231736623981932
  0.57284539331656648  0.58345766421739698  0.59436416180506746  0.60555533284504071
  0.61694606958852727  0.62843747436554664  0.63994804933914917  0.65174367915932752
  0.66377045326161810  0.67606426040042811  0.68854393658565549  0.70142839287292691
  0.71469765887980330  0.72832720507787951  0.74200327701165369  0.75600986651295077
  0.77053684147665891  0.78541346698796910  0.80057901814564969  0.81639406588152486
  0.83270682182873179  0.84946003491199640  0.86697534291625200  0.88600295261277173
  0.90687170571193587  0.93071575067940904  0.96015925261766721  1.00000000000000000
 -0.00589150028788398  0.08400478145768139  0.11836924230309233  0.14128460999652256
  0.16003969294078388  0.17629508399714697  0.19080785312053949  0.20396667854162323
  0.21592142463996880  0.22710394668724226  0.23764348536399832  0.24774914104459358
  0.25743511744976522  0.26674961347508991  0.27582672541954845  0.28462195875996071
  0.29319093335409185  0.30144164896247605  0.30961130360816846  0.31742310468045570
  0.32513149176697148  0.33268325345089717  0.34000103685530242  0.34715099547410111
  0.35417087992368601  0.36107386173033285  0.36784817887901855  0.37450344988226547
  0.38111648869983122  0.38772142781986518  0.39431956035433213  0.40079262086250789
  0.40708721675898291  0.41329627864031887  0.41953547624746684  0.42576960910715761
  0.43206250479974384  0.43833316759146695  0.44440960791605222  0.45041126354447575
  0.45636417699371146  0.46235715689981211  0.46841328262374005  0.47444634395504165
  0.48039998063894512  0.48628717494636803  0.49217459206501901  0.49803472415858968
  0.50396237266137711  0.50978376767172540  0.51566221401749723  0.52156752593197708
  0.52748522799629993  0.53340441193600530  0.53932978397134457  0.54528268005415192
  0.55129653600354789  0.55735686226409109  0.56347204358067415  0.56967754641366042
  0.57586102661426608  0.58200803468164464  0.58821011452935301  0.59455307186180595
  0.60093629261112524  0.60741385451205976  0.61397873484587440  0.62053598899736817
  0.62724735925447317  0.63407218874699423  0.64094915845539702  0.64791894489750901
  0.65500972053837403  0.66221597745616101  0.66955266673245206  0.67703745094466994
  0.68467107970052299  0.69243879219806670  0.70025449896864655  0.70818658600245887
  0.71638160011250540  0.72480139441750757  0.73362283916126236  0.74293174870785961
  0.75253875461761943  0.76277255050312476  0.77348315619604446  0.78494657594981310
  0.79716616205797719  0.81051803185140736  0.82510465251035747  0.84139125876597609
  0.85987222273148689  0.88229682381409091  0.91708230789318357  1.00000000000000000
   2.3844336266234893E-005  -1.0000000000000000     
 F F F F F F F F F F F F F F F F F F F F F F F F F F F F F F F F
  <DiscreteSampler_grid>
  grouped_processes
  1 # 1 for a reference and 2 for a running grid.
  10 # Attribute 'min_bin_probing_points' of the grid.
  1 # Attribute 'grid_mode' of the grid. 1=='default',2=='initialization'
  0.0000000000000000 # Attribute 'small_contrib_threshold' of the grid.
  0.5000000000000000 # Attribute 'damping_power' of the grid.
 # binID   n_entries weight   weight_sqr   abs_weight
    10   10   4.474390884517234E+004   2.026372509649136E+009   4.474390884517234E+004
    11   10   4.474390884517234E+004   2.026372509649136E+009   4.474390884517234E+004
  </DiscreteSampler_grid>
