  0.01332849766878627  0.02385212055906760  0.03891025168996959  0.05291338767091133
  0.06564527590340104  0.07814005354583399  0.09051112763810051  0.10262652474651116
  0.11447335199783105  0.12603049648731182  0.13737031552883158  0.14826701237480611
  0.15868616984040204  0.16890794313280097  0.17904774936300513  0.18919678318475128
  0.19928888037043135  0.20947721975145783  0.21984379548906194  0.22994820414488068
  0.23983317460822182  0.24962821094189089  0.25941177040763669  0.26916243528631251
  0.27877447981246206  0.28839681960079866  0.29815663417879323  0.30792803482021947
  0.31757180539453450  0.32713355956122292  0.33662947735480186  0.34616073537112757
  0.35559812527511447  0.36499561648898976  0.37433339628236029  0.38352107490798537
  0.39268069389381344  0.40175184345422699  0.41081186318684076  0.41982218069048205
  0.42863120487109235  0.43745136272781793  0.44637020187811927  0.45538968539495978
  0.46440034013503101  0.47335186196621121  0.48216193144101183  0.49109200705593825
  0.50010220865485033  0.50920858316633044  0.51817127655893236  0.52716767008504750
  0.53618469526801149  0.54514905754165877  0.55403298069438778  0.56286312830860497
  0.57169706323000613  0.58061975723614967  0.58965444153940205  0.59876034006045620
  0.60792714945485848  0.61718659519717989  0.62653820264635107  0.63592345102783765
  0.64530532318855394  0.65469305791096444  0.66408005924672364  0.67350110078007286
  0.68300729126290904  0.69257135572454920  0.70210951678935341  0.71162219884822453
  0.72114494696813736  0.73068579430801139  0.74028704154953140  0.74993198953135465
  0.75967048043782059  0.76951147168387402  0.77948786901796630  0.78959601431340598
  0.79971085289550781  0.80981732716297206  0.82004290960551995  0.83034412588888873
  0.84063942045373807  0.85113133725709567  0.86210553161981496  0.87344723547813974
  0.88479212495028126  0.89635687840647205  0.90870204717905179  0.92155013353879223
  0.93461595417553156  0.94775000746100868  0.96293827544852906  1.00000000000000000
 -0.00239867263909258  0.00985100942131607  0.01983214744070954  0.03022561943469132
  0.04042417715724961  0.05074460476068186  0.06097877856632977  0.07170848342037620
  0.08260516613530010  0.09358516976272703  0.10447777657300100  0.11527071478518476
  0.12595835148702855  0.13663623198287997  0.14723341040216478  0.15784106357218636
  0.16833398675933670  0.17875551610957816  0.18914362877460686  0.19945197971108475
  0.20989085624806203  0.22035293447755547  0.23091119721208112  0.24138958892983900
  0.25208595714470372  0.26281781578553975  0.27349351820314050  0.28404015917855108
  0.29468941101923241  0.30551936330193447  0.31628482564191818  0.32684410936988306
  0.33715496133003986  0.34731055854758741  0.35743285979304890  0.36770472984717356
  0.37805058755738391  0.38853186103471432  0.39887808235402777  0.40927667373531484
  0.41975645071223333  0.43047298015369712  0.44110516417522233  0.45171830165494287
  0.46260556029137195  0.47367332251824318  0.48455813440769058  0.49519408549404909
  0.50576281187316463  0.51638806822750039  0.52688021220813930  0.53734581980827834
  0.54773312573323552  0.55808818956971529  0.56843943067120517  0.57866744283541560
  0.58897573652420887  0.59925293388573975  0.60995587799906303  0.62040891463675674
  0.63073411905441046  0.64082550533901528  0.65105752899411429  0.66141182977215351
  0.67205801205972793  0.68285700335920696  0.69362008244176754  0.70434004374762649
  0.71519759596259047  0.72619444072163930  0.73701210398261319  0.74780483189444125
  0.75844432117029770  0.76896609433676877  0.77922667725405559  0.78954880570774666
  0.80013630093527743  0.81075263406309184  0.82128067809651228  0.83169365688552577
  0.84211364027452962  0.85268124944812651  0.86327605665223006  0.87410015825343990
  0.88450031551011721  0.89490549631618832  0.90512082460666254  0.91544569946258791
  0.92577141311464195  0.93599174845470257  0.94628063708700449  0.95670559181145720
  0.96762382500500110  0.97852188894307957  0.98934895917119836  1.00000000000000000
 -0.00089511015191038  0.00764813966888934  0.01524746861365309  0.02290551235958724
  0.03057192208904051  0.03829223481893466  0.04604532494080022  0.05385630456425980
  0.06167279657366345  0.06937927861356033  0.07706542192305416  0.08477007084432911
  0.09255124478478967  0.10042257094930149  0.10825584199956463  0.11608358135527236
  0.12389644039879652  0.13177884510364637  0.13968172663617828  0.14749496885684640
  0.15533092324878187  0.16316277631928311  0.17108861127943251  0.17905977337108120
  0.18706047426329678  0.19493379392480459  0.20294947836566807  0.21108795411287229
  0.21928256156759984  0.22749361764083598  0.23573088686678179  0.24395344617459333
  0.25227551223516331  0.26075557722658177  0.26929132478835066  0.27780815032356793
  0.28631248869446979  0.29493620607224280  0.30368940212963480  0.31252306995818824
  0.32136640776198744  0.33017739672501994  0.33902857175698847  0.34798160319461341
  0.35697270454215257  0.36595835398500443  0.37506136755078429  0.38422601332535633
  0.39347142060791412  0.40292781802368466  0.41253951233987501  0.42226009764990974
  0.43191045308809867  0.44158202345121478  0.45127215520758523  0.46105092572661949
  0.47084585599117468  0.48074887499153679  0.49074255061307182  0.50075198892806949
  0.51074160840195693  0.52077120855340486  0.53097296912073511  0.54124431280465057
  0.55165554066382727  0.56223432005039964  0.57311269240254259  0.58417279403855304
  0.59539590839766354  0.60659544769189422  0.61791708894165431  0.62931056525342133
  0.64091369909758200  0.65266660405129673  0.66462193530139091  0.67674207197854974
  0.68893853865871257  0.70120375848455718  0.71355524468434495  0.72608456702317126
  0.73890520556352179  0.75200160262070592  0.76543062958151487  0.77921668936198873
  0.79325109313379671  0.80756993840684532  0.82241281137936362  0.83773936570448493
  0.85320421505146826  0.86937585855815469  0.88627112931789442  0.90414595426772171
  0.92330625363003394  0.94464578219904272  0.96985574161531751  1.00000000000000000
 -0.01851020251597834  0.11104994802402696  0.15408747987125626  0.18360147095849136
  0.20796907581199928  0.22912551292055316  0.24784775030745276  0.26499486837772301
  0.28084626859700934  0.29573237513437572  0.30986641411503474  0.32340027281548778
  0.33639010801497427  0.34888840786025443  0.36100706065246130  0.37275932461359523
  0.38425017848197035  0.39555571071344359  0.40662183995579348  0.41744491869601286
  0.42809826554656261  0.43861711361216699  0.44892077546046999  0.45902916812951078
  0.46903661622398241  0.47896883251075412  0.48882121955328445  0.49857111006137450
  0.50823005097860385  0.51778993109776827  0.52717404934103362  0.53635348603679001
  0.54537665826580928  0.55423362750563632  0.56294828378175588  0.57146186134835819
  0.57985376126746968  0.58819881198135870  0.59648066912723696  0.60465112361721807
  0.61263897423814173  0.62046404188549531  0.62818943272790773  0.63582758992744393
  0.64338545862592300  0.65079148763461259  0.65807499484972898  0.66526766702705986
  0.67220744894446849  0.67897598977895113  0.68567079994607982  0.69223258236862772
  0.69864133145137342  0.70494526902230437  0.71109654359115126  0.71712333300328379
  0.72314457590444825  0.72910948446605794  0.73498473045170387  0.74077814372492823
  0.74650437320578089  0.75213636255733129  0.75767599607780078  0.76324137333538922
  0.76871666523518867  0.77413681446579696  0.77943418045787682  0.78466369959936588
  0.78983534824612911  0.79493558290684574  0.80000942904200967  0.80506561018483513
  0.81007964272253463  0.81505928432916319  0.82001949020996567  0.82500480040780599
  0.83000438683905353  0.83503521877274611  0.84005670336534377  0.84507671231828374
  0.85011614865342300  0.85518182143383237  0.86029016196524610  0.86547722667414950
  0.87068257701890295  0.87613300340155187  0.88178599888510611  0.88763874466597048
  0.89371766584777501  0.90038785869428728  0.90747755375776729  0.91518957769611164
  0.92429170952966966  0.93599129862295205  0.95448520101442813  1.00000000000000000
   4.1088642508805407E-005  -1.0000000000000000     
 F F F F F F F F F F F F F F F F F F F F F F F F F F F F F F F F
  <DiscreteSampler_grid>
  grouped_processes
  1 # 1 for a reference and 2 for a running grid.
  10 # Attribute 'min_bin_probing_points' of the grid.
  1 # Attribute 'grid_mode' of the grid. 1=='default',2=='initialization'
  0.0000000000000000 # Attribute 'small_contrib_threshold' of the grid.
  0.5000000000000000 # Attribute 'damping_power' of the grid.
 # binID   n_entries weight   weight_sqr   abs_weight
    10   10   4.643917070191031E+004   2.176580991301757E+009   4.643917070191031E+004
    11   10   4.643917070191031E+004   2.176580991301757E+009   4.643917070191031E+004
  </DiscreteSampler_grid>
