  0.01955711326271937  0.03535425306896751  0.04895511323461913  0.06138773819201945
  0.07400303855647292  0.08626092785163948  0.09820531984658043  0.10973246415426337
  0.12118910521829647  0.13244607754144347  0.14328519770191245  0.15396750388735839
  0.16449555470568386  0.17489679352328463  0.18517791473594844  0.19538178026894287
  0.20547890204176342  0.21548576927399618  0.22550540680212483  0.23567600132728345
  0.24580174879509054  0.25564643478505594  0.26525447207958297  0.27499634143816198
  0.28475713714813977  0.29448749624207243  0.30405635685258908  0.31354096797123648
  0.32289024696111457  0.33215745448566675  0.34132882182291213  0.35058585832583783
  0.35983098834938310  0.36900605657434132  0.37818811197247204  0.38742725832198588
  0.39673696983266682  0.40608543390291862  0.41537472518727869  0.42459724556337264
  0.43388333904267867  0.44324303645842184  0.45276101287646564  0.46226858444218921
  0.47166988858292985  0.48113805454418601  0.49059821713904500  0.50006936214129882
  0.50935633621065513  0.51872740850578569  0.52822737273235720  0.53770452570644689
  0.54713533682978899  0.55627937358235169  0.56531668545401814  0.57428075742523921
  0.58338082452481321  0.59259244893904739  0.60182554283485634  0.61116112741245288
  0.62044203318108937  0.62974826895141844  0.63907086802657320  0.64844426351273687
  0.65783431070448761  0.66713313618987768  0.67640722260478914  0.68580528406283492
  0.69559584828434107  0.70555872825365584  0.71554029752669246  0.72546728463983912
  0.73542267375641923  0.74547713757534995  0.75554813726850734  0.76561037783031294
  0.77563170079784305  0.78552796824960536  0.79563906149310282  0.80591389958289639
  0.81623564434387097  0.82656148509458205  0.83712455241347339  0.84805820657057762
  0.85900343304961202  0.86998331333812406  0.88120989856429932  0.89268774558510988
  0.90432555704706985  0.91612655326881343  0.92851980277521551  0.94152051671430637
  0.95429307307444255  0.96802551685639582  0.98307288509975421  1.00000000000000000
 -0.00249382708037007  0.00951347739221520  0.01976359346278429  0.03034675177605969
  0.04102719104879270  0.05135338852638274  0.06174325353381264  0.07219374997451272
  0.08273853947535384  0.09323421135752447  0.10354385140859831  0.11403638910576343
  0.12440893343340793  0.13492649464357770  0.14540252762160424  0.15639078218305572
  0.16730463390192968  0.17826806721227048  0.18906057134274037  0.19973908985938074
  0.21024765964801842  0.22074685471787206  0.23134282739188672  0.24215098951627623
  0.25290658756696044  0.26385747747857791  0.27464125269979905  0.28515991997398848
  0.29563262924636957  0.30612800760278047  0.31681960296575556  0.32739549388062061
  0.33786228080617897  0.34834961963783406  0.35890843194787270  0.36944540702403333
  0.37997275078883758  0.39046735822052037  0.40092104592936645  0.41120933567592699
  0.42147994604376421  0.43182868409956776  0.44233299222281430  0.45287898216414613
  0.46354449022360056  0.47422301024550495  0.48470005622702866  0.49504007026793329
  0.50536401303060008  0.51566602661378558  0.52601340794082130  0.53650670420893010
  0.54711514990703725  0.55765392489567778  0.56829999194924974  0.57911949375456218
  0.59005043886259589  0.60110007453071113  0.61199255841498190  0.62281745465526428
  0.63336615227028892  0.64386404399068475  0.65431327786563132  0.66478872751825879
  0.67554603254989798  0.68626004144440533  0.69688705291000408  0.70757371642077083
  0.71813955145654607  0.72862234464559128  0.73874265597044930  0.74913406483398026
  0.75971347149436508  0.77027416418684413  0.78076984206832789  0.79118035484489424
  0.80155104272417144  0.81211958705774556  0.82258597311812742  0.83305391499334702
  0.84343943243053321  0.85373575017275061  0.86399884327253018  0.87417482310396111
  0.88474212536730767  0.89510383801806537  0.90541177397451900  0.91572455307864575
  0.92678513702566889  0.93779308896232838  0.94834499680586526  0.95898181400387439
  0.96927323012609501  0.97971321071901507  0.98970036766643843  1.00000000000000000
 -0.00135200006164832  0.00618740539094242  0.01333550807243480  0.02058320925183504
  0.02801130097230302  0.03553217691498114  0.04313877092295393  0.05078514496945290
  0.05840722895726976  0.06593976248453540  0.07332404055389073  0.08076070840700676
  0.08834802004024273  0.09605976961341756  0.10380087536911131  0.11152379454097412
  0.11917937424690080  0.12696815773217851  0.13488359078046194  0.14276338981252634
  0.15053305903661285  0.15828800284229749  0.16609500219615184  0.17390116080003901
  0.18177034798621974  0.18971593209785481  0.19795463318513695  0.20623560120624054
  0.21472433323251491  0.22328108551997619  0.23181913106004429  0.24045170806070906
  0.24906055368845445  0.25766357164313197  0.26629847042443267  0.27495425052177452
  0.28373385022351355  0.29258009379967198  0.30147520509862835  0.31044040562492525
  0.31931397330002753  0.32821661181298351  0.33723775757187069  0.34631174872662684
  0.35543433045593864  0.36457292727083213  0.37380717182917678  0.38315000270260446
  0.39265254881127931  0.40216478366051989  0.41185111173136030  0.42164682280191973
  0.43146289810460126  0.44133408574398114  0.45114171565876704  0.46107642112122427
  0.47117878138972152  0.48135273490436731  0.49149494157676610  0.50153321571465648
  0.51170974255586077  0.52196437370134374  0.53238467447737581  0.54293241702955608
  0.55382610814136413  0.56456717296444014  0.57532507976514047  0.58616540441764320
  0.59726920212245793  0.60832887496211074  0.61936576842418334  0.63056555334616071
  0.64186705160712099  0.65315642167519306  0.66456321859263601  0.67627945953324786
  0.68827948444724385  0.70038962452720854  0.71279663199226428  0.72562099524006940
  0.73862409296747544  0.75181621083545125  0.76531658590152818  0.77897392913315255
  0.79277746271434202  0.80686600549136689  0.82145269705813750  0.83640790353306549
  0.85193733112744308  0.86797747921756152  0.88468512931506049  0.90225857481440008
  0.92120839396395537  0.94237865854676350  0.96772652815441274  1.00000000000000000
 -0.01891343771321834  0.10984065132247314  0.15302493742599027  0.18259030527557521
  0.20699521819096453  0.22806304390009940  0.24730490088048487  0.26476721961712968
  0.28102241806170891  0.29619644572440879  0.31061771441044461  0.32440868877916773
  0.33759423453319465  0.35028529716820866  0.36241648378492852  0.37425220282653826
  0.38595444999533945  0.39754252499903703  0.40888567173391915  0.41987239474309573
  0.43050756085748459  0.44079129446751919  0.45083280709436435  0.46083477477479767
  0.47085165693233594  0.48081751792821548  0.49061761477149129  0.50020470941213968
  0.50968364083402828  0.51906858216157847  0.52830928635427932  0.53738055034507581
  0.54628892329708412  0.55503831354188493  0.56367249850815149  0.57221307789650677
  0.58067590439840466  0.58902499577603362  0.59722834409770986  0.60535179898197422
  0.61334247918771101  0.62123816626361095  0.62894920523194153  0.63648199977496356
  0.64395032870903501  0.65132975697634676  0.65861126702033490  0.66575231904129928
  0.67271821406730925  0.67955616441965372  0.68633180304047681  0.69296985105660902
  0.69952224316156930  0.70599146884979203  0.71230344541561885  0.71851222694147876
  0.72465354618292110  0.73069772235822783  0.73663170451991122  0.74247860038244873
  0.74824263650395406  0.75387108093650179  0.75931420150078877  0.76473832525673546
  0.77010822344769436  0.77541986834017496  0.78067104896464268  0.78587413935514427
  0.79104193907199516  0.79616749136617215  0.80125900786851045  0.80632268986077482
  0.81134364037143925  0.81631823529432346  0.82124091899580665  0.82618639112324999
  0.83114513204683349  0.83618890370286769  0.84127066709664455  0.84634477934218788
  0.85141651678639130  0.85653472750125170  0.86173758717374571  0.86699985826019599
  0.87229122352170885  0.87782609139228984  0.88352229092367951  0.88934068506362862
  0.89530926930416066  0.90183690344532152  0.90879613259086822  0.91649754320629784
  0.92560942574511096  0.93715723733508827  0.95593854636876241  1.00000000000000000
   4.0350128434028330E-005  -1.0000000000000000     
 F F F F F F F F F F F F F F F F F F F F F F F F F F F F F F F F
  <DiscreteSampler_grid>
  grouped_processes
  1 # 1 for a reference and 2 for a running grid.
  10 # Attribute 'min_bin_probing_points' of the grid.
  1 # Attribute 'grid_mode' of the grid. 1=='default',2=='initialization'
  0.0000000000000000 # Attribute 'small_contrib_threshold' of the grid.
  0.5000000000000000 # Attribute 'damping_power' of the grid.
 # binID   n_entries weight   weight_sqr   abs_weight
    10   10   4.719112643580089E+004   2.260150152923850E+009   4.719112643580089E+004
    11   10   4.719112643580089E+004   2.260150152923850E+009   4.719112643580089E+004
  </DiscreteSampler_grid>
